corner_terms_flags [[ True  True False False]
 [ True False  True False]
 [False  True False  True]
 [False False  True  True]]
corner_terms_flags [[ True  True False False]
 [ True False  True False]
 [False  True False  True]
 [False False  True  True]]
single_qubit_flags [[ True False False False]
 [False  True False False]
 [False False  True False]
 [False False False  True]]
corner_terms_flags [[ True  True False False]
 [ True False  True False]
 [False  True False  True]
 [False False  True  True]]
QOC is saving this optimization run to ./out/00001_hamil_500_3_2_2.h5.
iter   |   total error  |    grads_l2   
=========================================
  0    | 9.52190944e-01 | 7.97294710e-02
  1    | 9.49031433e-01 | 6.10293361e-02
  2    | 9.46811843e-01 | 3.94254846e-02
  3    | 9.45625004e-01 | 1.67623194e-02
  4    | 9.45391898e-01 | 4.65559571e-03
  5    | 9.45801950e-01 | 2.18041646e-02
  6    | 9.46401794e-01 | 3.34473885e-02
  7    | 9.46825649e-01 | 3.94813568e-02
  8    | 9.46928444e-01 | 4.07933129e-02
  9    | 9.46740650e-01 | 3.83771626e-02
  10   | 9.46375162e-01 | 3.30608914e-02
  11   | 9.45963206e-01 | 2.55726396e-02
  12   | 9.45618232e-01 | 1.66586275e-02
  13   | 9.45414042e-01 | 7.14220236e-03
  14   | 9.45372497e-01 | 2.18223220e-03
  15   | 9.45463684e-01 | 1.03428177e-02
  16   | 9.45621636e-01 | 1.68150954e-02
  17   | 9.45771603e-01 | 2.11736832e-02
  18   | 9.45856923e-01 | 2.32820393e-02
  19   | 9.45854036e-01 | 2.32194029e-02
  20   | 9.45772640e-01 | 2.12179385e-02
  21   | 9.45645483e-01 | 1.76175845e-02
  22   | 9.45514056e-01 | 1.28418076e-02
  23   | 9.45414783e-01 | 7.38257468e-03
  24   | 9.45368759e-01 | 1.83661527e-03
  25   | 9.45377172e-01 | 3.64136323e-03
  26   | 9.45423480e-01 | 8.09692559e-03
  27   | 9.45481364e-01 | 1.14303153e-02
  28   | 9.45525198e-01 | 1.34157530e-02
  29   | 9.45538773e-01 | 1.39898753e-02
  30   | 9.45519305e-01 | 1.32230167e-02
  31   | 9.45476109e-01 | 1.12970605e-02
  32   | 9.45425421e-01 | 8.48392599e-03
  33   | 9.45383723e-01 | 5.12785773e-03
  34   | 9.45361944e-01 | 1.70742524e-03
  35   | 9.45362339e-01 | 2.11448485e-03
  36   | 9.45378865e-01 | 4.92096628e-03
  37   | 9.45400577e-01 | 7.06247752e-03
  38   | 9.45416445e-01 | 8.31412788e-03
  39   | 9.45419527e-01 | 8.61566283e-03
  40   | 9.45408962e-01 | 8.01616772e-03
  41   | 9.45389326e-01 | 6.65865961e-03
  42   | 9.45368000e-01 | 4.76902684e-03
  43   | 9.45351859e-01 | 2.68623792e-03
  44   | 9.45344621e-01 | 1.40662023e-03
  45   | 9.45345818e-01 | 2.56121124e-03
  46   | 9.45351591e-01 | 4.08393147e-03
  47   | 9.45356755e-01 | 5.15524828e-03
  48   | 9.45357117e-01 | 5.62329981e-03
  49   | 9.45351034e-01 | 5.48140404e-03
  50   | 9.45339667e-01 | 4.81948713e-03
  51   | 9.45326014e-01 | 3.82289837e-03
  52   | 9.45313307e-01 | 2.81759238e-03
  53   | 9.45303541e-01 | 2.35985649e-03
  54   | 9.45296748e-01 | 2.77323538e-03
  55   | 9.45291229e-01 | 3.54473514e-03
  56   | 9.45284507e-01 | 4.19544406e-03
  57   | 9.45274482e-01 | 4.54476647e-03
  58   | 9.45260218e-01 | 4.57405423e-03
  59   | 9.45242079e-01 | 4.37015857e-03
  60   | 9.45221234e-01 | 4.10234843e-03
  61   | 9.45198844e-01 | 3.97667538e-03
  62   | 9.45175363e-01 | 4.12592619e-03
  63   | 9.45150247e-01 | 4.51443449e-03
  64   | 9.45122146e-01 | 4.99852543e-03
  65   | 9.45089415e-01 | 5.44999422e-03
  66   | 9.45050640e-01 | 5.81123055e-03
  67   | 9.45004919e-01 | 6.09463919e-03
  68   | 9.44951792e-01 | 6.35975284e-03
  69   | 9.44890887e-01 | 6.67876069e-03
  70   | 9.44821503e-01 | 7.10076834e-03
  71   | 9.44742305e-01 | 7.63324404e-03
  72   | 9.44651268e-01 | 8.25086403e-03
  73   | 9.44545819e-01 | 8.92045536e-03
  74   | 9.44423049e-01 | 9.62274468e-03
  75   | 9.44279837e-01 | 1.03609229e-02
  76   | 9.44112788e-01 | 1.11565659e-02
  77   | 9.43917985e-01 | 1.20385608e-02
  78   | 9.43690652e-01 | 1.30320895e-02
  79   | 9.43424820e-01 | 1.41532117e-02
  80   | 9.43113066e-01 | 1.54105229e-02
  81   | 9.42746339e-01 | 1.68111304e-02
  82   | 9.42313785e-01 | 1.83665410e-02
  83   | 9.41802512e-01 | 2.00953249e-02
  84   | 9.41197245e-01 | 2.20218979e-02
  85   | 9.40479900e-01 | 2.41727072e-02
  86   | 9.39629166e-01 | 2.65716998e-02
  87   | 9.38620226e-01 | 2.92362769e-02
  88   | 9.37424787e-01 | 3.21737163e-02
  89   | 9.36011580e-01 | 3.53771355e-02
  90   | 9.34347512e-01 | 3.88199969e-02
  91   | 9.32399667e-01 | 4.24488648e-02
  92   | 9.30138298e-01 | 4.61751689e-02
  93   | 9.27540890e-01 | 4.98676607e-02
  94   | 9.24597153e-01 | 5.33477898e-02
  95   | 9.21314565e-01 | 5.63902746e-02
  96   | 9.17723803e-01 | 5.87307152e-02
  97   | 9.13883192e-01 | 6.00812483e-02
  98   | 9.09881160e-01 | 6.01541096e-02
  99   | 9.05835707e-01 | 5.86916858e-02
 100   | 9.01889978e-01 | 5.55003648e-02
 101   | 8.98203331e-01 | 5.04843662e-02
 102   | 8.94937700e-01 | 4.36748825e-02
 103   | 8.92239808e-01 | 3.52495131e-02
 104   | 8.90220873e-01 | 2.55374841e-02
 105   | 8.88936846e-01 | 1.50098453e-02
 106   | 8.88373632e-01 | 4.32571775e-03
 107   | 8.88442631e-01 | 6.47803424e-03
 108   | 8.88990861e-01 | 1.60117000e-02
 109   | 8.89825964e-01 | 2.42782665e-02
 110   | 8.90750144e-01 | 3.09564799e-02
 111   | 8.91592447e-01 | 3.59375084e-02
 112   | 8.92229989e-01 | 3.92515521e-02
 113   | 8.92594938e-01 | 4.10095241e-02
 114   | 8.92670157e-01 | 4.13557263e-02
 115   | 8.92478737e-01 | 4.04423443e-02
 116   | 8.92071601e-01 | 3.84237362e-02
 117   | 8.91515501e-01 | 3.54613447e-02
 118   | 8.90882370e-01 | 3.17298401e-02
 119   | 8.90240425e-01 | 2.74183911e-02
 120   | 8.89647325e-01 | 2.27250278e-02
 121   | 8.89145659e-01 | 1.78456813e-02
 122   | 8.88760915e-01 | 1.29621427e-02
 123   | 8.88501819e-01 | 8.23513355e-03
 124   | 8.88362575e-01 | 3.82118217e-03
 125   | 8.88326339e-01 | 9.72912260e-04
 126   | 8.88369198e-01 | 4.13040935e-03
 127   | 8.88464113e-01 | 7.23052843e-03
 128   | 8.88584412e-01 | 9.81484395e-03
 129   | 8.88706567e-01 | 1.18478407e-02
 130   | 8.88812086e-01 | 1.33320461e-02
 131   | 8.88888422e-01 | 1.42924102e-02
 132   | 8.88929009e-01 | 1.47679462e-02
 133   | 8.88932620e-01 | 1.48036127e-02
 134   | 8.88902344e-01 | 1.44443958e-02
 135   | 8.88844414e-01 | 1.37334340e-02
 136   | 8.88767035e-01 | 1.27139729e-02
 137   | 8.88679262e-01 | 1.14329596e-02
 138   | 8.88589966e-01 | 9.94349352e-03
 139   | 8.88506936e-01 | 8.30438954e-03
 140   | 8.88436191e-01 | 6.57703903e-03
 141   | 8.88381583e-01 | 4.82159098e-03
 142   | 8.88344706e-01 | 3.09628750e-03
 143   | 8.88325079e-01 | 1.47658459e-03
 144   | 8.88320535e-01 | 5.82074165e-04
 145   | 8.88327710e-01 | 1.71331376e-03
 146   | 8.88342592e-01 | 2.92446689e-03
 147   | 8.88361058e-01 | 3.95563030e-03
 148   | 8.88379354e-01 | 4.76932705e-03
 149   | 8.88394489e-01 | 5.35212291e-03
 150   | 8.88404458e-01 | 5.70471099e-03
 151   | 8.88408319e-01 | 5.83863057e-03
 152   | 8.88406099e-01 | 5.77271100e-03
 153   | 8.88398604e-01 | 5.52971738e-03
 154   | 8.88387173e-01 | 5.13430072e-03
 155   | 8.88373416e-01 | 4.61257301e-03
 156   | 8.88358980e-01 | 3.99261755e-03
 157   | 8.88345334e-01 | 3.30481223e-03
 158   | 8.88333626e-01 | 2.58132437e-03
 159   | 8.88324585e-01 | 1.85552431e-03
 160   | 8.88318503e-01 | 1.16584087e-03
 161   | 8.88315283e-01 | 5.95886906e-04
 162   | 8.88314520e-01 | 5.14241990e-04
 163   | 8.88315608e-01 | 9.26403944e-04
 164   | 8.88317853e-01 | 1.37139055e-03
 165   | 8.88320560e-01 | 1.75400460e-03
 166   | 8.88323120e-01 | 2.05305643e-03
 167   | 8.88325063e-01 | 2.26150552e-03
 168   | 8.88326093e-01 | 2.37912693e-03
 169   | 8.88326093e-01 | 2.41070333e-03
 170   | 8.88325104e-01 | 2.36461883e-03
 171   | 8.88323290e-01 | 2.25150512e-03
 172   | 8.88320890e-01 | 2.08359495e-03
 173   | 8.88318175e-01 | 1.87566303e-03
 174   | 8.88315402e-01 | 1.64882038e-03
 175   | 8.88312773e-01 | 1.43992000e-03
 176   | 8.88310400e-01 | 1.31946195e-03
 177   | 8.88308249e-01 | 1.39862881e-03
 178   | 8.88306066e-01 | 1.77371659e-03
 179   | 8.88303215e-01 | 2.48768779e-03
 180   | 8.88298333e-01 | 3.60097901e-03
 181   | 8.88288567e-01 | 5.24926153e-03
 182   | 8.88267918e-01 | 7.66501209e-03
 183   | 8.88223654e-01 | 1.12043256e-02
 184   | 8.88128617e-01 | 1.63936076e-02
 185   | 8.87924946e-01 | 2.40008675e-02
 186   | 8.87490433e-01 | 3.51339373e-02
 187   | 8.86572376e-01 | 5.13580903e-02
 188   | 8.84669898e-01 | 7.47921359e-02
 189   | 8.80861635e-01 | 1.08047649e-01
 190   | 8.73642741e-01 | 1.53602653e-01
 191   | 8.60974324e-01 | 2.11588770e-01
 192   | 8.40904714e-01 | 2.74958038e-01
 193   | 8.12993137e-01 | 3.24509618e-01
 194   | 7.80080804e-01 | 3.31794436e-01
 195   | 7.49207338e-01 | 2.78514591e-01
 196   | 7.29515058e-01 | 2.01701286e-01
 197   | 7.24525362e-01 | 2.12332467e-01
 198   | 7.27123636e-01 | 2.85038832e-01
 199   | 7.28022424e-01 | 3.46841678e-01
 200   | 7.22361524e-01 | 3.92264285e-01
 201   | 7.08912431e-01 | 4.28696372e-01
 202   | 6.88017272e-01 | 4.59145447e-01
 203   | 6.60596849e-01 | 4.81064431e-01
 204   | 6.28011545e-01 | 4.86945015e-01
 205   | 5.92493214e-01 | 4.65721346e-01
 206   | 5.57667450e-01 | 4.07170014e-01
 207   | 5.28372373e-01 | 3.10111960e-01
 208   | 5.09270862e-01 | 1.95365517e-01
 209   | 5.02570389e-01 | 1.39384714e-01
 210   | 5.06343524e-01 | 2.03356111e-01
 211   | 5.15448649e-01 | 2.85946082e-01
 212   | 5.24608222e-01 | 3.43671996e-01
 213   | 5.30582849e-01 | 3.74091395e-01
 214   | 5.32298209e-01 | 3.82317812e-01
 215   | 5.30090600e-01 | 3.73830065e-01
 216   | 5.24974106e-01 | 3.53468232e-01
 217   | 5.18114178e-01 | 3.25365862e-01
 218   | 5.10502033e-01 | 2.92289832e-01
 219   | 5.02859162e-01 | 2.54924382e-01
 220   | 4.95750928e-01 | 2.12641596e-01
 221   | 4.89733768e-01 | 1.66339596e-01
 222   | 4.85335190e-01 | 1.22966833e-01
 223   | 4.82853950e-01 | 1.01178457e-01
 224   | 4.82149285e-01 | 1.16823420e-01
 225   | 4.82600578e-01 | 1.52074880e-01
 226   | 4.83297452e-01 | 1.85765912e-01
 227   | 4.83365844e-01 | 2.08684522e-01
 228   | 4.82255224e-01 | 2.17874605e-01
 229   | 4.79860410e-01 | 2.13465139e-01
 230   | 4.76464721e-01 | 1.97484320e-01
 231   | 4.72569017e-01 | 1.73392440e-01
 232   | 4.68690138e-01 | 1.45789252e-01
 233   | 4.65202003e-01 | 1.19942082e-01
 234   | 4.62267644e-01 | 1.00780733e-01
 235   | 4.59867626e-01 | 9.10378152e-02
 236   | 4.57883727e-01 | 8.97474507e-02
 237   | 4.56178741e-01 | 9.37249347e-02
 238   | 4.54635943e-01 | 1.00249922e-01
 239   | 4.53160051e-01 | 1.07616065e-01
 240   | 4.51664124e-01 | 1.14424431e-01
 241   | 4.50065556e-01 | 1.19207037e-01
 242   | 4.48299495e-01 | 1.20595864e-01
 243   | 4.46342193e-01 | 1.17697411e-01
 244   | 4.44228082e-01 | 1.10423122e-01
 245   | 4.42046354e-01 | 9.96997986e-02
 246   | 4.39913920e-01 | 8.75452532e-02
 247   | 4.37935231e-01 | 7.68875507e-02
 248   | 4.36167437e-01 | 7.06673181e-02
 249   | 4.34606769e-01 | 6.99566470e-02
 250   | 4.33200640e-01 | 7.29919111e-02
 251   | 4.31876708e-01 | 7.68675547e-02
 252   | 4.30573039e-01 | 7.94784391e-02
 253   | 4.29256102e-01 | 7.99732609e-02
 254   | 4.27922190e-01 | 7.84190322e-02
 255   | 4.26586912e-01 | 7.53409516e-02
 256   | 4.25271601e-01 | 7.13423471e-02
 257   | 4.23994024e-01 | 6.68874961e-02
 258   | 4.22765807e-01 | 6.22943155e-02
 259   | 4.21594153e-01 | 5.78931205e-02
 260   | 4.20483498e-01 | 5.41943039e-02
 261   | 4.19434389e-01 | 5.18601409e-02
 262   | 4.18440194e-01 | 5.13780497e-02
 263   | 4.17484621e-01 | 5.26589786e-02
 264   | 4.16542761e-01 | 5.50138917e-02
 265   | 4.15586036e-01 | 5.75613709e-02
 266   | 4.14588762e-01 | 5.96593199e-02
 267   | 4.13532929e-01 | 6.11014689e-02
 268   | 4.12408873e-01 | 6.20943050e-02
 269   | 4.11211898e-01 | 6.30932833e-02
 270   | 4.09936994e-01 | 6.45720988e-02
 271   | 4.08574390e-01 | 6.68229044e-02
 272   | 4.07107742e-01 | 6.98864558e-02
 273   | 4.05514969e-01 | 7.36261123e-02
 274   | 4.03770460e-01 | 7.78563730e-02
 275   | 4.01847116e-01 | 8.24277023e-02
 276   | 3.99717448e-01 | 8.72388319e-02
 277   | 3.97353955e-01 | 9.22073567e-02
 278   | 3.94729565e-01 | 9.72414038e-02
 279   | 3.91818762e-01 | 1.02234052e-01
 280   | 3.88599488e-01 | 1.07075418e-01
 281   | 3.85055413e-01 | 1.11664150e-01
 282   | 3.81178126e-01 | 1.15904373e-01
 283   | 3.76969057e-01 | 1.19687566e-01
 284   | 3.72441325e-01 | 1.22870701e-01
 285   | 3.67621771e-01 | 1.25265293e-01
 286   | 3.62553165e-01 | 1.26646919e-01
 287   | 3.57296070e-01 | 1.26785850e-01
 288   | 3.51929448e-01 | 1.25492332e-01
 289   | 3.46548920e-01 | 1.22667450e-01
 290   | 3.41261949e-01 | 1.18351252e-01
 291   | 3.36179808e-01 | 1.12761282e-01
 292   | 3.31407118e-01 | 1.06314321e-01
 293   | 3.27030485e-01 | 9.96205293e-02
 294   | 3.23108345e-01 | 9.34320286e-02
 295   | 3.19664107e-01 | 8.85232205e-02
 296   | 3.16684091e-01 | 8.54994738e-02
 297   | 3.14120727e-01 | 8.45971960e-02
 298   | 3.11900271e-01 | 8.56037872e-02
 299   | 3.09933341e-01 | 8.79693001e-02
 300   | 3.08126182e-01 | 9.10254734e-02
 301   | 3.06390747e-01 | 9.41697707e-02
 302   | 3.04652278e-01 | 9.69524876e-02
 303   | 3.02853857e-01 | 9.90871109e-02
 304   | 3.00958045e-01 | 1.00424069e-01
 305   | 2.98946171e-01 | 1.00915426e-01
 306   | 2.96816005e-01 | 1.00583456e-01
 307   | 2.94578523e-01 | 9.94973018e-02
 308   | 2.92254300e-01 | 9.77576330e-02
 309   | 2.89869910e-01 | 9.54871920e-02
 310   | 2.87454586e-01 | 9.28243761e-02
 311   | 2.85037274e-01 | 8.99171641e-02
 312   | 2.82644222e-01 | 8.69156089e-02
 313   | 2.80297184e-01 | 8.39624505e-02
 314   | 2.78012309e-01 | 8.11827662e-02
 315   | 2.75799728e-01 | 7.86744870e-02
 316   | 2.73663745e-01 | 7.65017663e-02
 317   | 2.71603544e-01 | 7.46925324e-02
 318   | 2.69614213e-01 | 7.32404435e-02
 319   | 2.67687934e-01 | 7.21104328e-02
 320   | 2.65815199e-01 | 7.12465068e-02
 321   | 2.63985924e-01 | 7.05804752e-02
 322   | 2.62190411e-01 | 7.00405466e-02
 323   | 2.60420097e-01 | 6.95589546e-02
 324   | 2.58668074e-01 | 6.90779196e-02
 325   | 2.56929364e-01 | 6.85534525e-02
 326   | 2.55200970e-01 | 6.79568396e-02
 327   | 2.53481740e-01 | 6.72740874e-02
 328   | 2.51772078e-01 | 6.65039605e-02
 329   | 2.50073577e-01 | 6.56553735e-02
 330   | 2.48388615e-01 | 6.47447593e-02
 331   | 2.46719966e-01 | 6.37937199e-02
 332   | 2.45070438e-01 | 6.28269649e-02
 333   | 2.43442581e-01 | 6.18703895e-02
 334   | 2.41838447e-01 | 6.09491810e-02
 335   | 2.40259435e-01 | 6.00860005e-02
 336   | 2.38706202e-01 | 5.92994240e-02
 337   | 2.37178644e-01 | 5.86028560e-02
 338   | 2.35675944e-01 | 5.80040398e-02
 339   | 2.34196661e-01 | 5.75051466e-02
 340   | 2.32738855e-01 | 5.71033249e-02
 341   | 2.31300229e-01 | 5.67915630e-02
 342   | 2.29878270e-01 | 5.65597432e-02
 343   | 2.28470386e-01 | 5.63957979e-02
 344   | 2.27074026e-01 | 5.62868786e-02
 345   | 2.25686782e-01 | 5.62204320e-02
 346   | 2.24306459e-01 | 5.61850767e-02
 347   | 2.22931125e-01 | 5.61712016e-02
 348   | 2.21559137e-01 | 5.61712686e-02
 349   | 2.20189139e-01 | 5.61798544e-02
 350   | 2.18820044e-01 | 5.61934978e-02
 351   | 2.17451008e-01 | 5.62104183e-02
 352   | 2.16081389e-01 | 5.62301522e-02
 353   | 2.14710705e-01 | 5.62531449e-02
 354   | 2.13338591e-01 | 5.62803355e-02
 355   | 2.11964763e-01 | 5.63127806e-02
 356   | 2.10588982e-01 | 5.63513633e-02
 357   | 2.09211033e-01 | 5.63966171e-02
 358   | 2.07830705e-01 | 5.64486666e-02
 359   | 2.06447787e-01 | 5.65072587e-02
 360   | 2.05062061e-01 | 5.65718475e-02
 361   | 2.03673305e-01 | 5.66416985e-02
 362   | 2.02281298e-01 | 5.67159963e-02
 363   | 2.00885827e-01 | 5.67939487e-02
 364   | 1.99486688e-01 | 5.68748880e-02
 365   | 1.98083694e-01 | 5.69583602e-02
 366   | 1.96676679e-01 | 5.70441914e-02
 367   | 1.95265494e-01 | 5.71325149e-02
 368   | 1.93850008e-01 | 5.72237551e-02
 369   | 1.92430102e-01 | 5.73185709e-02
 370   | 1.91005665e-01 | 5.74177728e-02
 371   | 1.89576585e-01 | 5.75222304e-02
 372   | 1.88142743e-01 | 5.76327816e-02
 373   | 1.86704012e-01 | 5.77501527e-02
 374   | 1.85260248e-01 | 5.78748917e-02
 375   | 1.83811289e-01 | 5.80073185e-02
 376   | 1.82356954e-01 | 5.81474954e-02
 377   | 1.80897048e-01 | 5.82952206e-02
 378   | 1.79431356e-01 | 5.84500468e-02
 379   | 1.77959653e-01 | 5.86113217e-02
 380   | 1.76481708e-01 | 5.87782425e-02
 381   | 1.74997282e-01 | 5.89499177e-02
 382   | 1.73506139e-01 | 5.91254274e-02
 383   | 1.72008044e-01 | 5.93038760e-02
 384   | 1.70502771e-01 | 5.94844345e-02
 385   | 1.68990098e-01 | 5.96663694e-02
 386   | 1.67469816e-01 | 5.98490584e-02
 387   | 1.65941724e-01 | 6.00319920e-02
 388   | 1.64405634e-01 | 6.02147640e-02
 389   | 1.62861366e-01 | 6.03970521e-02
 390   | 1.61308754e-01 | 6.05785945e-02
 391   | 1.59747640e-01 | 6.07591652e-02
 392   | 1.58177880e-01 | 6.09385521e-02
 393   | 1.56599342e-01 | 6.11165404e-02
 394   | 1.55011906e-01 | 6.12929014e-02
 395   | 1.53415469e-01 | 6.14673880e-02
 396   | 1.51809940e-01 | 6.16397347e-02
 397   | 1.50195250e-01 | 6.18096618e-02
 398   | 1.48571346e-01 | 6.19768808e-02
 399   | 1.46938197e-01 | 6.21410992e-02
 400   | 1.45295791e-01 | 6.23020231e-02
 401   | 1.43644144e-01 | 6.24593554e-02
 402   | 1.41983292e-01 | 6.26127904e-02
 403   | 1.40313298e-01 | 6.27620053e-02
 404   | 1.38634252e-01 | 6.29066511e-02
 405   | 1.36946269e-01 | 6.30463427e-02
 406   | 1.35249493e-01 | 6.31806536e-02
 407   | 1.33544097e-01 | 6.33091124e-02
 408   | 1.31830283e-01 | 6.34312044e-02
 409   | 1.30108283e-01 | 6.35463773e-02
 410   | 1.28378359e-01 | 6.36540502e-02
 411   | 1.26640806e-01 | 6.37536243e-02
 412   | 1.24895951e-01 | 6.38444957e-02
 413   | 1.23144153e-01 | 6.39260659e-02
 414   | 1.21385805e-01 | 6.39977515e-02
 415   | 1.19621332e-01 | 6.40589909e-02
 416   | 1.17851193e-01 | 6.41092476e-02
 417   | 1.16075881e-01 | 6.41480112e-02
 418   | 1.14295919e-01 | 6.41747966e-02
 419   | 1.12511864e-01 | 6.41891416e-02
 420   | 1.10724304e-01 | 6.41906043e-02
 421   | 1.08933856e-01 | 6.41787616e-02
 422   | 1.07141166e-01 | 6.41532075e-02
 423   | 1.05346909e-01 | 6.41135530e-02
 424   | 1.03551786e-01 | 6.40594263e-02
 425   | 1.01756523e-01 | 6.39904737e-02
 426   | 9.99618699e-02 | 6.39063606e-02
 427   | 9.81685981e-02 | 6.38067717e-02
 428   | 9.63775000e-02 | 6.36914114e-02
 429   | 9.45893867e-02 | 6.35600029e-02
 430   | 9.28050864e-02 | 6.34122873e-02
 431   | 9.10254424e-02 | 6.32480227e-02
 432   | 8.92513114e-02 | 6.30669833e-02
 433   | 8.74835614e-02 | 6.28689588e-02
 434   | 8.57230700e-02 | 6.26537545e-02
 435   | 8.39707220e-02 | 6.24211925e-02
 436   | 8.22274076e-02 | 6.21711132e-02
 437   | 8.04940200e-02 | 6.19033771e-02
 438   | 7.87714537e-02 | 6.16178670e-02
 439   | 7.70606022e-02 | 6.13144909e-02
 440   | 7.53623553e-02 | 6.09931837e-02
 441   | 7.36775978e-02 | 6.06539095e-02
 442   | 7.20072065e-02 | 6.02966633e-02
 443   | 7.03520485e-02 | 5.99214728e-02
 444   | 6.87129785e-02 | 5.95283999e-02
 445   | 6.70908368e-02 | 5.91175427e-02
 446   | 6.54864471e-02 | 5.86890365e-02
 447   | 6.39006137e-02 | 5.82430560e-02
 448   | 6.23341199e-02 | 5.77798169e-02
 449   | 6.07877250e-02 | 5.72995773e-02
 450   | 5.92621628e-02 | 5.68026392e-02
 451   | 5.77581387e-02 | 5.62893496e-02
 452   | 5.62763280e-02 | 5.57601009e-02
 453   | 5.48173735e-02 | 5.52153314e-02
 454   | 5.33818835e-02 | 5.46555249e-02
 455   | 5.19704302e-02 | 5.40812108e-02
 456   | 5.05835472e-02 | 5.34929630e-02
 457   | 4.92217284e-02 | 5.28913996e-02
 458   | 4.78854259e-02 | 5.22771817e-02
 459   | 4.65750492e-02 | 5.16510126e-02
 460   | 4.52909630e-02 | 5.10136366e-02
 461   | 4.40334868e-02 | 5.03658376e-02
 462   | 4.28028939e-02 | 4.97084370e-02
 463   | 4.15994102e-02 | 4.90422920e-02
 464   | 4.04232143e-02 | 4.83682920e-02
 465   | 3.92744367e-02 | 4.76873558e-02
 466   | 3.81531600e-02 | 4.70004276e-02
 467   | 3.70594189e-02 | 4.63084725e-02
 468   | 3.59932007e-02 | 4.56124722e-02
 469   | 3.49544460e-02 | 4.49134197e-02
 470   | 3.39430492e-02 | 4.42123147e-02
 471   | 3.29588600e-02 | 4.35101583e-02
 472   | 3.20016845e-02 | 4.28079481e-02
 473   | 3.10712865e-02 | 4.21066729e-02
 474   | 3.01673896e-02 | 4.14073080e-02
 475   | 2.92896788e-02 | 4.07108099e-02
 476   | 2.84378026e-02 | 4.00181116e-02
 477   | 2.76113754e-02 | 3.93301179e-02
 478   | 2.68099795e-02 | 3.86477005e-02
 479   | 2.60331678e-02 | 3.79716937e-02
 480   | 2.52804663e-02 | 3.73028904e-02
 481   | 2.45513765e-02 | 3.66420382e-02
 482   | 2.38453783e-02 | 3.59898364e-02
 483   | 2.31619327e-02 | 3.53469328e-02
 484   | 2.25004841e-02 | 3.47139217e-02
 485   | 2.18604636e-02 | 3.40913423e-02
 486   | 2.12412909e-02 | 3.34796768e-02
 487   | 2.06423774e-02 | 3.28793504e-02
 488   | 2.00631285e-02 | 3.22907304e-02
 489   | 1.95029460e-02 | 3.17141267e-02
 490   | 1.89612305e-02 | 3.11497922e-02
 491   | 1.84373834e-02 | 3.05979237e-02
 492   | 1.79308092e-02 | 3.00586636e-02
 493   | 1.74409172e-02 | 2.95321014e-02
 494   | 1.69671234e-02 | 2.90182759e-02
 495   | 1.65088520e-02 | 2.85171773e-02
 496   | 1.60655372e-02 | 2.80287505e-02
 497   | 1.56366240e-02 | 2.75528974e-02
 498   | 1.52215700e-02 | 2.70894805e-02
 499   | 1.48198458e-02 | 2.66383258e-02
 500   | 1.44309364e-02 | 2.61992260e-02
 501   | 1.40543416e-02 | 2.57719445e-02
 502   | 1.36895767e-02 | 2.53562181e-02
 503   | 1.33361730e-02 | 2.49517607e-02
 504   | 1.29936781e-02 | 2.45582668e-02
 505   | 1.26616561e-02 | 2.41754146e-02
 506   | 1.23396878e-02 | 2.38028691e-02
 507   | 1.20273708e-02 | 2.34402850e-02
 508   | 1.17243189e-02 | 2.30873101e-02
 509   | 1.14301628e-02 | 2.27435872e-02
 510   | 1.11445491e-02 | 2.24087571e-02
 511   | 1.08671406e-02 | 2.20824609e-02
 512   | 1.05976154e-02 | 2.17643415e-02
 513   | 1.03356670e-02 | 2.14540461e-02
 514   | 1.00810036e-02 | 2.11512275e-02
 515   | 9.83334758e-03 | 2.08555458e-02
 516   | 9.59243525e-03 | 2.05666692e-02
 517   | 9.35801610e-03 | 2.02842761e-02
 518   | 9.12985236e-03 | 2.00080550e-02
 519   | 8.90771844e-03 | 1.97377059e-02
 520   | 8.69140040e-03 | 1.94729410e-02
 521   | 8.48069539e-03 | 1.92134848e-02
 522   | 8.27541107e-03 | 1.89590748e-02
 523   | 8.07536513e-03 | 1.87094615e-02
 524   | 7.88038470e-03 | 1.84644085e-02
 525   | 7.69030584e-03 | 1.82236926e-02
 526   | 7.50497305e-03 | 1.79871038e-02
 527   | 7.32423877e-03 | 1.77544447e-02
 528   | 7.14796290e-03 | 1.75255307e-02
 529   | 6.97601231e-03 | 1.73001896e-02
 530   | 6.80826046e-03 | 1.70782608e-02
 531   | 6.64458692e-03 | 1.68595956e-02
 532   | 6.48487702e-03 | 1.66440560e-02
 533   | 6.32902140e-03 | 1.64315150e-02
 534   | 6.17691572e-03 | 1.62218555e-02
 535   | 6.02846028e-03 | 1.60149699e-02
 536   | 5.88355971e-03 | 1.58107598e-02
 537   | 5.74212264e-03 | 1.56091352e-02
 538   | 5.60406146e-03 | 1.54100143e-02
 539   | 5.46929203e-03 | 1.52133224e-02
 540   | 5.33773344e-03 | 1.50189922e-02
 541   | 5.20930775e-03 | 1.48269625e-02
 542   | 5.08393986e-03 | 1.46371781e-02
 543   | 4.96155720e-03 | 1.44495894e-02
 544   | 4.84208966e-03 | 1.42641516e-02
 545   | 4.72546933e-03 | 1.40808248e-02
 546   | 4.61163042e-03 | 1.38995728e-02
 547   | 4.50050908e-03 | 1.37203635e-02
 548   | 4.39204327e-03 | 1.35431678e-02
 549   | 4.28617267e-03 | 1.33679598e-02
 550   | 4.18283856e-03 | 1.31947162e-02
 551   | 4.08198373e-03 | 1.30234158e-02
 552   | 3.98355236e-03 | 1.28540397e-02
 553   | 3.88749002e-03 | 1.26865706e-02
 554   | 3.79374350e-03 | 1.25209925e-02
 555   | 3.70226084e-03 | 1.23572910e-02
 556   | 3.61299120e-03 | 1.21954524e-02
 557   | 3.52588486e-03 | 1.20354641e-02
 558   | 3.44089316e-03 | 1.18773141e-02
 559   | 3.35796844e-03 | 1.17209909e-02
 560   | 3.27706402e-03 | 1.15664833e-02
 561   | 3.19813418e-03 | 1.14137806e-02
 562   | 3.12113412e-03 | 1.12628720e-02
 563   | 3.04601990e-03 | 1.11137471e-02
 564   | 2.97274849e-03 | 1.09663954e-02
 565   | 2.90127768e-03 | 1.08208064e-02
 566   | 2.83156609e-03 | 1.06769694e-02
 567   | 2.76357317e-03 | 1.05348739e-02
 568   | 2.69725914e-03 | 1.03945091e-02
 569   | 2.63258502e-03 | 1.02558639e-02
 570   | 2.56951259e-03 | 1.01189274e-02
 571   | 2.50800437e-03 | 9.98368819e-03
 572   | 2.44802365e-03 | 9.85013481e-03
 573   | 2.38953443e-03 | 9.71825560e-03
 574   | 2.33250142e-03 | 9.58803868e-03
 575   | 2.27689008e-03 | 9.45947199e-03
 576   | 2.22266653e-03 | 9.33254326e-03
 577   | 2.16979759e-03 | 9.20724005e-03
 578   | 2.11825077e-03 | 9.08354974e-03
 579   | 2.06799424e-03 | 8.96145955e-03
 580   | 2.01899683e-03 | 8.84095650e-03
 581   | 1.97122804e-03 | 8.72202751e-03
 582   | 1.92465799e-03 | 8.60465930e-03
 583   | 1.87925744e-03 | 8.48883849e-03
 584   | 1.83499778e-03 | 8.37455157e-03
 585   | 1.79185101e-03 | 8.26178488e-03
 586   | 1.74978973e-03 | 8.15052469e-03
 587   | 1.70878715e-03 | 8.04075715e-03
 588   | 1.66881706e-03 | 7.93246832e-03
 589   | 1.62985382e-03 | 7.82564420e-03
 590   | 1.59187238e-03 | 7.72027070e-03
 591   | 1.55484822e-03 | 7.61633369e-03
 592   | 1.51875740e-03 | 7.51381898e-03
 593   | 1.48357650e-03 | 7.41271233e-03
 594   | 1.44928263e-03 | 7.31299950e-03
 595   | 1.41585345e-03 | 7.21466618e-03
 596   | 1.38326710e-03 | 7.11769807e-03
 597   | 1.35150225e-03 | 7.02208087e-03
 598   | 1.32053804e-03 | 6.92780024e-03
 599   | 1.29035413e-03 | 6.83484189e-03
 600   | 1.26093061e-03 | 6.74319151e-03
 601   | 1.23224809e-03 | 6.65283481e-03
 602   | 1.20428761e-03 | 6.56375754e-03
 603   | 1.17703065e-03 | 6.47594546e-03
 604   | 1.15045917e-03 | 6.38938437e-03
 605   | 1.12455551e-03 | 6.30406013e-03
 606   | 1.09930249e-03 | 6.21995860e-03
 607   | 1.07468331e-03 | 6.13706571e-03
 608   | 1.05068159e-03 | 6.05536746e-03
 609   | 1.02728134e-03 | 5.97484986e-03
 610   | 1.00446697e-03 | 5.89549902e-03
 611   | 9.82223273e-04 | 5.81730109e-03
 612   | 9.60535413e-04 | 5.74024228e-03
 613   | 9.39388920e-04 | 5.66430887e-03
 614   | 9.18769685e-04 | 5.58948721e-03
 615   | 8.98663952e-04 | 5.51576373e-03
 616   | 8.79058305e-04 | 5.44312491e-03
 617   | 8.59939667e-04 | 5.37155731e-03
 618   | 8.41295289e-04 | 5.30104758e-03
 619   | 8.23112744e-04 | 5.23158242e-03
 620   | 8.05379920e-04 | 5.16314865e-03
 621   | 7.88085011e-04 | 5.09573313e-03
 622   | 7.71216513e-04 | 5.02932281e-03
 623   | 7.54763215e-04 | 4.96390475e-03
 624   | 7.38714195e-04 | 4.89946606e-03
 625   | 7.23058809e-04 | 4.83599395e-03
 626   | 7.07786689e-04 | 4.77347573e-03
 627   | 6.92887735e-04 | 4.71189878e-03
 628   | 6.78352107e-04 | 4.65125057e-03
 629   | 6.64170223e-04 | 4.59151866e-03
 630   | 6.50332749e-04 | 4.53269070e-03
 631   | 6.36830594e-04 | 4.47475444e-03
 632   | 6.23654907e-04 | 4.41769771e-03
 633   | 6.10797068e-04 | 4.36150842e-03
 634   | 5.98248684e-04 | 4.30617460e-03
 635   | 5.86001582e-04 | 4.25168435e-03
 636   | 5.74047807e-04 | 4.19802588e-03
 637   | 5.62379615e-04 | 4.14518748e-03
 638   | 5.50989464e-04 | 4.09315753e-03
 639   | 5.39870018e-04 | 4.04192452e-03
 640   | 5.29014131e-04 | 3.99147702e-03
 641   | 5.18414853e-04 | 3.94180372e-03
 642   | 5.08065416e-04 | 3.89289337e-03
 643   | 4.97959235e-04 | 3.84473483e-03
 644   | 4.88089903e-04 | 3.79731708e-03
 645   | 4.78451184e-04 | 3.75062917e-03
 646   | 4.69037011e-04 | 3.70466026e-03
 647   | 4.59841481e-04 | 3.65939959e-03
 648   | 4.50858850e-04 | 3.61483653e-03
 649   | 4.42083530e-04 | 3.57096052e-03
 650   | 4.33510085e-04 | 3.52776113e-03
 651   | 4.25133227e-04 | 3.48522801e-03
 652   | 4.16947812e-04 | 3.44335090e-03
 653   | 4.08948835e-04 | 3.40211968e-03
 654   | 4.01131429e-04 | 3.36152429e-03
 655   | 3.93490861e-04 | 3.32155480e-03
 656   | 3.86022525e-04 | 3.28220138e-03
 657   | 3.78721943e-04 | 3.24345429e-03
 658   | 3.71584759e-04 | 3.20530389e-03
 659   | 3.64606739e-04 | 3.16774068e-03
 660   | 3.57783762e-04 | 3.13075522e-03
 661   | 3.51111823e-04 | 3.09433820e-03
 662   | 3.44587026e-04 | 3.05848041e-03
 663   | 3.38205584e-04 | 3.02317274e-03
 664   | 3.31963813e-04 | 2.98840619e-03
 665   | 3.25858131e-04 | 2.95417186e-03
 666   | 3.19885056e-04 | 2.92046097e-03
 667   | 3.14041200e-04 | 2.88726483e-03
 668   | 3.08323273e-04 | 2.85457486e-03
 669   | 3.02728071e-04 | 2.82238259e-03
 670   | 2.97252482e-04 | 2.79067965e-03
 671   | 2.91893480e-04 | 2.75945778e-03
 672   | 2.86648122e-04 | 2.72870883e-03
 673   | 2.81513547e-04 | 2.69842473e-03
 674   | 2.76486973e-04 | 2.66859756e-03
 675   | 2.71565695e-04 | 2.63921947e-03
 676   | 2.66747084e-04 | 2.61028272e-03
 677   | 2.62028583e-04 | 2.58177970e-03
 678   | 2.57407706e-04 | 2.55370288e-03
 679   | 2.52882037e-04 | 2.52604483e-03
 680   | 2.48449224e-04 | 2.49879825e-03
 681   | 2.44106985e-04 | 2.47195592e-03
 682   | 2.39853096e-04 | 2.44551074e-03
 683   | 2.35685397e-04 | 2.41945571e-03
 684   | 2.31601790e-04 | 2.39378393e-03
 685   | 2.27600230e-04 | 2.36848861e-03
 686   | 2.23678733e-04 | 2.34356304e-03
 687   | 2.19835366e-04 | 2.31900063e-03
 688   | 2.16068254e-04 | 2.29479490e-03
 689   | 2.12375569e-04 | 2.27093946e-03
 690   | 2.08755536e-04 | 2.24742800e-03
 691   | 2.05206427e-04 | 2.22425435e-03
 692   | 2.01726564e-04 | 2.20141242e-03
 693   | 1.98314313e-04 | 2.17889619e-03
 694   | 1.94968086e-04 | 2.15669979e-03
 695   | 1.91686336e-04 | 2.13481742e-03
 696   | 1.88467562e-04 | 2.11324336e-03
 697   | 1.85310301e-04 | 2.09197201e-03
 698   | 1.82213131e-04 | 2.07099787e-03
 699   | 1.79174668e-04 | 2.05031550e-03
 700   | 1.76193568e-04 | 2.02991959e-03
 701   | 1.73268520e-04 | 2.00980491e-03
 702   | 1.70398249e-04 | 1.98996631e-03
 703   | 1.67581518e-04 | 1.97039874e-03
 704   | 1.64817118e-04 | 1.95109724e-03
 705   | 1.62103877e-04 | 1.93205693e-03
 706   | 1.59440651e-04 | 1.91327305e-03
 707   | 1.56826330e-04 | 1.89474088e-03
 708   | 1.54259830e-04 | 1.87645582e-03
 709   | 1.51740099e-04 | 1.85841335e-03
 710   | 1.49266110e-04 | 1.84060901e-03
 711   | 1.46836866e-04 | 1.82303846e-03
 712   | 1.44451395e-04 | 1.80569742e-03
 713   | 1.42108750e-04 | 1.78858170e-03
 714   | 1.39808009e-04 | 1.77168717e-03
 715   | 1.37548276e-04 | 1.75500982e-03
 716   | 1.35328675e-04 | 1.73854567e-03
 717   | 1.33148357e-04 | 1.72229085e-03
 718   | 1.31006491e-04 | 1.70624157e-03
 719   | 1.28902269e-04 | 1.69039408e-03
 720   | 1.26834906e-04 | 1.67474473e-03
 721   | 1.24803633e-04 | 1.65928996e-03
 722   | 1.22807704e-04 | 1.64402624e-03
 723   | 1.20846391e-04 | 1.62895013e-03
 724   | 1.18918983e-04 | 1.61405828e-03
 725   | 1.17024789e-04 | 1.59934738e-03
 726   | 1.15163134e-04 | 1.58481419e-03
 727   | 1.13333362e-04 | 1.57045555e-03
 728   | 1.11534830e-04 | 1.55626837e-03
 729   | 1.09766914e-04 | 1.54224960e-03
 730   | 1.08029004e-04 | 1.52839627e-03
 731   | 1.06320506e-04 | 1.51470547e-03
 732   | 1.04640839e-04 | 1.50117436e-03
 733   | 1.02989438e-04 | 1.48780013e-03
 734   | 1.01365751e-04 | 1.47458008e-03
 735   | 9.97692383e-05 | 1.46151151e-03
 736   | 9.81993752e-05 | 1.44859181e-03
 737   | 9.66556483e-05 | 1.43581843e-03
 738   | 9.51375569e-05 | 1.42318886e-03
 739   | 9.36446119e-05 | 1.41070065e-03
 740   | 9.21763360e-05 | 1.39835140e-03
 741   | 9.07322632e-05 | 1.38613876e-03
 742   | 8.93119383e-05 | 1.37406044e-03
 743   | 8.79149166e-05 | 1.36211419e-03
 744   | 8.65407639e-05 | 1.35029782e-03
 745   | 8.51890559e-05 | 1.33860917e-03
 746   | 8.38593782e-05 | 1.32704615e-03
 747   | 8.25513257e-05 | 1.31560669e-03
 748   | 8.12645025e-05 | 1.30428878e-03
 749   | 7.99985218e-05 | 1.29309046e-03
 750   | 7.87530053e-05 | 1.28200980e-03
 751   | 7.75275833e-05 | 1.27104492e-03
 752   | 7.63218943e-05 | 1.26019397e-03
 753   | 7.51355846e-05 | 1.24945516e-03
 754   | 7.39683086e-05 | 1.23882672e-03
 755   | 7.28197280e-05 | 1.22830694e-03
 756   | 7.16895120e-05 | 1.21789411e-03
 757   | 7.05773369e-05 | 1.20758660e-03
 758   | 6.94828859e-05 | 1.19738280e-03
 759   | 6.84058491e-05 | 1.18728113e-03
 760   | 6.73459231e-05 | 1.17728003e-03
 761   | 6.63028110e-05 | 1.16737802e-03
 762   | 6.52762220e-05 | 1.15757360e-03
 763   | 6.42658716e-05 | 1.14786535e-03
 764   | 6.32714809e-05 | 1.13825183e-03
 765   | 6.22927771e-05 | 1.12873168e-03
 766   | 6.13294928e-05 | 1.11930355e-03
 767   | 6.03813662e-05 | 1.10996610e-03
 768   | 5.94481406e-05 | 1.10071805e-03
 769   | 5.85295648e-05 | 1.09155813e-03
 770   | 5.76253924e-05 | 1.08248510e-03
 771   | 5.67353820e-05 | 1.07349775e-03
 772   | 5.58592971e-05 | 1.06459490e-03
 773   | 5.49969056e-05 | 1.05577538e-03
 774   | 5.41479803e-05 | 1.04703806e-03
 775   | 5.33122983e-05 | 1.03838184e-03
 776   | 5.24896409e-05 | 1.02980561e-03
 777   | 5.16797939e-05 | 1.02130831e-03
 778   | 5.08825469e-05 | 1.01288891e-03
 779   | 5.00976938e-05 | 1.00454638e-03
 780   | 4.93250323e-05 | 9.96279719e-04
 781   | 4.85643638e-05 | 9.88087953e-04
 782   | 4.78154938e-05 | 9.79970123e-04
 783   | 4.70782311e-05 | 9.71925288e-04
 784   | 4.63523882e-05 | 9.63952529e-04
 785   | 4.56377810e-05 | 9.56050947e-04
 786   | 4.49342289e-05 | 9.48219658e-04
 787   | 4.42415545e-05 | 9.40457797e-04
 788   | 4.35595837e-05 | 9.32764518e-04
 789   | 4.28881457e-05 | 9.25138990e-04
 790   | 4.22270724e-05 | 9.17580400e-04
 791   | 4.15761991e-05 | 9.10087950e-04
 792   | 4.09353640e-05 | 9.02660857e-04
 793   | 4.03044079e-05 | 8.95298355e-04
 794   | 3.96831746e-05 | 8.87999692e-04
 795   | 3.90715109e-05 | 8.80764131e-04
 796   | 3.84692658e-05 | 8.73590948e-04
 797   | 3.78762914e-05 | 8.66479434e-04
 798   | 3.72924420e-05 | 8.59428894e-04
 799   | 3.67175747e-05 | 8.52438643e-04
 800   | 3.61515490e-05 | 8.45508012e-04
 801   | 3.55942266e-05 | 8.38636344e-04
 802   | 3.50454719e-05 | 8.31822992e-04
 803   | 3.45051513e-05 | 8.25067322e-04
 804   | 3.39731338e-05 | 8.18368712e-04
 805   | 3.34492903e-05 | 8.11726552e-04
 806   | 3.29334940e-05 | 8.05140240e-04
 807   | 3.24256203e-05 | 7.98609187e-04
 808   | 3.19255465e-05 | 7.92132814e-04
 809   | 3.14331522e-05 | 7.85710551e-04
 810   | 3.09483188e-05 | 7.79341839e-04
 811   | 3.04709296e-05 | 7.73026129e-04
 812   | 3.00008700e-05 | 7.66762880e-04
 813   | 2.95380273e-05 | 7.60551560e-04
 814   | 2.90822904e-05 | 7.54391648e-04
 815   | 2.86335503e-05 | 7.48282629e-04
 816   | 2.81916995e-05 | 7.42223998e-04
 817   | 2.77566325e-05 | 7.36215258e-04
 818   | 2.73282453e-05 | 7.30255920e-04
 819   | 2.69064357e-05 | 7.24345503e-04
 820   | 2.64911031e-05 | 7.18483532e-04
 821   | 2.60821485e-05 | 7.12669543e-04
 822   | 2.56794744e-05 | 7.06903076e-04
 823   | 2.52829851e-05 | 7.01183679e-04
 824   | 2.48925861e-05 | 6.95510907e-04
 825   | 2.45081847e-05 | 6.89884321e-04
 826   | 2.41296894e-05 | 6.84303492e-04
 827   | 2.37570103e-05 | 6.78767992e-04
 828   | 2.33900589e-05 | 6.73277403e-04
 829   | 2.30287480e-05 | 6.67831313e-04
 830   | 2.26729919e-05 | 6.62429314e-04
 831   | 2.23227061e-05 | 6.57071005e-04
 832   | 2.19778076e-05 | 6.51755992e-04
 833   | 2.16382144e-05 | 6.46483883e-04
 834   | 2.13038461e-05 | 6.41254295e-04
 835   | 2.09746233e-05 | 6.36066848e-04
 836   | 2.06504679e-05 | 6.30921169e-04
 837   | 2.03313031e-05 | 6.25816888e-04
 838   | 2.00170531e-05 | 6.20753642e-04
 839   | 1.97076434e-05 | 6.15731071e-04
 840   | 1.94030007e-05 | 6.10748822e-04
 841   | 1.91030527e-05 | 6.05806543e-04
 842   | 1.88077282e-05 | 6.00903890e-04
 843   | 1.85169572e-05 | 5.96040522e-04
 844   | 1.82306706e-05 | 5.91216102e-04
 845   | 1.79488006e-05 | 5.86430298e-04
 846   | 1.76712801e-05 | 5.81682781e-04
 847   | 1.73980433e-05 | 5.76973228e-04
 848   | 1.71290253e-05 | 5.72301317e-04
 849   | 1.68641622e-05 | 5.67666733e-04
 850   | 1.66033910e-05 | 5.63069162e-04
 851   | 1.63466498e-05 | 5.58508296e-04
 852   | 1.60938774e-05 | 5.53983830e-04
 853   | 1.58450138e-05 | 5.49495461e-04
 854   | 1.55999997e-05 | 5.45042891e-04
 855   | 1.53587768e-05 | 5.40625826e-04
 856   | 1.51212876e-05 | 5.36243973e-04
 857   | 1.48874756e-05 | 5.31897045e-04
 858   | 1.46572849e-05 | 5.27584756e-04
 859   | 1.44306607e-05 | 5.23306824e-04
 860   | 1.42075488e-05 | 5.19062971e-04
 861   | 1.39878961e-05 | 5.14852920e-04
 862   | 1.37716501e-05 | 5.10676400e-04
 863   | 1.35587590e-05 | 5.06533138e-04
 864   | 1.33491719e-05 | 5.02422870e-04
 865   | 1.31428388e-05 | 4.98345329e-04
 866   | 1.29397101e-05 | 4.94300256e-04
 867   | 1.27397372e-05 | 4.90287390e-04
 868   | 1.25428722e-05 | 4.86306475e-04
 869   | 1.23490679e-05 | 4.82357259e-04
 870   | 1.21582777e-05 | 4.78439490e-04
 871   | 1.19704558e-05 | 4.74552919e-04
 872   | 1.17855572e-05 | 4.70697300e-04
 873   | 1.16035372e-05 | 4.66872390e-04
 874   | 1.14243521e-05 | 4.63077947e-04
 875   | 1.12479588e-05 | 4.59313733e-04
 876   | 1.10743147e-05 | 4.55579511e-04
 877   | 1.09033780e-05 | 4.51875047e-04
 878   | 1.07351075e-05 | 4.48200108e-04
 879   | 1.05694624e-05 | 4.44554465e-04
 880   | 1.04064027e-05 | 4.40937889e-04
 881   | 1.02458891e-05 | 4.37350156e-04
 882   | 1.00878826e-05 | 4.33791042e-04
 883   | 9.93234507e-06 | 4.30260325e-04
 884   | 9.77923871e-06 | 4.26757786e-04
 885   | 9.62852639e-06 | 4.23283208e-04
 886   | 9.48017153e-06 | 4.19836375e-04
 887   | 9.33413811e-06 | 4.16417073e-04
 888   | 9.19039059e-06 | 4.13025092e-04
 889   | 9.04889402e-06 | 4.09660220e-04
 890   | 8.90961394e-06 | 4.06322252e-04
 891   | 8.77251639e-06 | 4.03010979e-04
 892   | 8.63756794e-06 | 3.99726199e-04
 893   | 8.50473566e-06 | 3.96467709e-04
 894   | 8.37398708e-06 | 3.93235308e-04
 895   | 8.24529026e-06 | 3.90028797e-04
 896   | 8.11861368e-06 | 3.86847980e-04
 897   | 7.99392635e-06 | 3.83692660e-04
 898   | 7.87119769e-06 | 3.80562643e-04
 899   | 7.75039760e-06 | 3.77457738e-04
 900   | 7.63149644e-06 | 3.74377753e-04
 901   | 7.51446498e-06 | 3.71322501e-04
 902   | 7.39927446e-06 | 3.68291792e-04
 903   | 7.28589651e-06 | 3.65285442e-04
 904   | 7.17430324e-06 | 3.62303266e-04
 905   | 7.06446713e-06 | 3.59345082e-04
 906   | 6.95636107e-06 | 3.56410707e-04
 907   | 6.84995839e-06 | 3.53499962e-04
 908   | 6.74523280e-06 | 3.50612670e-04
 909   | 6.64215836e-06 | 3.47748652e-04
 910   | 6.54070962e-06 | 3.44907733e-04
 911   | 6.44086141e-06 | 3.42089740e-04
 912   | 6.34258899e-06 | 3.39294499e-04
 913   | 6.24586798e-06 | 3.36521839e-04
 914   | 6.15067434e-06 | 3.33771591e-04
 915   | 6.05698446e-06 | 3.31043586e-04
 916   | 5.96477498e-06 | 3.28337656e-04
 917   | 5.87402299e-06 | 3.25653636e-04
 918   | 5.78470585e-06 | 3.22991361e-04
 919   | 5.69680132e-06 | 3.20350668e-04
 920   | 5.61028744e-06 | 3.17731394e-04
 921   | 5.52514261e-06 | 3.15133379e-04
 922   | 5.44134555e-06 | 3.12556463e-04
 923   | 5.35887531e-06 | 3.10000488e-04
 924   | 5.27771122e-06 | 3.07465297e-04
 925   | 5.19783298e-06 | 3.04950735e-04
 926   | 5.11922052e-06 | 3.02456645e-04
 927   | 5.04185414e-06 | 2.99982876e-04
 928   | 4.96571441e-06 | 2.97529274e-04
 929   | 4.89078217e-06 | 2.95095689e-04
 930   | 4.81703859e-06 | 2.92681970e-04
 931   | 4.74446510e-06 | 2.90287968e-04
 932   | 4.67304343e-06 | 2.87913537e-04
 933   | 4.60275555e-06 | 2.85558528e-04
 934   | 4.53358374e-06 | 2.83222798e-04
 935   | 4.46551053e-06 | 2.80906201e-04
 936   | 4.39851871e-06 | 2.78608593e-04
 937   | 4.33259135e-06 | 2.76329834e-04
 938   | 4.26771175e-06 | 2.74069781e-04
 939   | 4.20386348e-06 | 2.71828294e-04
 940   | 4.14103038e-06 | 2.69605235e-04
 941   | 4.07919649e-06 | 2.67400465e-04
 942   | 4.01834611e-06 | 2.65213846e-04
 943   | 3.95846379e-06 | 2.63045244e-04
 944   | 3.89953431e-06 | 2.60894524e-04
 945   | 3.84154267e-06 | 2.58761550e-04
 946   | 3.78447412e-06 | 2.56646190e-04
 947   | 3.72831411e-06 | 2.54548312e-04
 948   | 3.67304833e-06 | 2.52467785e-04
 949   | 3.61866268e-06 | 2.50404478e-04
 950   | 3.56514327e-06 | 2.48358263e-04
 951   | 3.51247643e-06 | 2.46329011e-04
 952   | 3.46064870e-06 | 2.44316595e-04
 953   | 3.40964682e-06 | 2.42320888e-04
 954   | 3.35945775e-06 | 2.40341765e-04
 955   | 3.31006861e-06 | 2.38379102e-04
 956   | 3.26146675e-06 | 2.36432774e-04
 957   | 3.21363971e-06 | 2.34502659e-04
 958   | 3.16657523e-06 | 2.32588635e-04
 959   | 3.12026119e-06 | 2.30690581e-04
 960   | 3.07468573e-06 | 2.28808377e-04
 961   | 3.02983710e-06 | 2.26941904e-04
 962   | 2.98570377e-06 | 2.25091042e-04
 963   | 2.94227439e-06 | 2.23255675e-04
 964   | 2.89953778e-06 | 2.21435686e-04
 965   | 2.85748290e-06 | 2.19630958e-04
 966   | 2.81609894e-06 | 2.17841378e-04
 967   | 2.77537519e-06 | 2.16066829e-04
 968   | 2.73530116e-06 | 2.14307200e-04
 969   | 2.69586650e-06 | 2.12562377e-04
 970   | 2.65706101e-06 | 2.10832248e-04
 971   | 2.61887466e-06 | 2.09116703e-04
 972   | 2.58129757e-06 | 2.07415630e-04
 973   | 2.54432003e-06 | 2.05728922e-04
 974   | 2.50793245e-06 | 2.04056468e-04
 975   | 2.47212540e-06 | 2.02398160e-04
 976   | 2.43688962e-06 | 2.00753893e-04
 977   | 2.40221596e-06 | 1.99123559e-04
 978   | 2.36809542e-06 | 1.97507052e-04
 979   | 2.33451917e-06 | 1.95904267e-04
 980   | 2.30147846e-06 | 1.94315101e-04
 981   | 2.26896473e-06 | 1.92739449e-04
 982   | 2.23696952e-06 | 1.91177210e-04
 983   | 2.20548454e-06 | 1.89628280e-04
 984   | 2.17450155e-06 | 1.88092558e-04
 985   | 2.14401255e-06 | 1.86569945e-04
 986   | 2.11400957e-06 | 1.85060339e-04
 987   | 2.08448481e-06 | 1.83563642e-04
 988   | 2.05543058e-06 | 1.82079755e-04
 989   | 2.02683930e-06 | 1.80608580e-04
 990   | 1.99870355e-06 | 1.79150019e-04
 991   | 1.97101596e-06 | 1.77703978e-04
 992   | 1.94376935e-06 | 1.76270358e-04
 993   | 1.91695660e-06 | 1.74849066e-04
 994   | 1.89057069e-06 | 1.73440007e-04
 995   | 1.86460477e-06 | 1.72043086e-04
 996   | 1.83905206e-06 | 1.70658211e-04
 997   | 1.81390587e-06 | 1.69285288e-04
 998   | 1.78915964e-06 | 1.67924227e-04
 999   | 1.76480694e-06 | 1.66574935e-04
Time to run code: 9800.9571 seconds
plot save_index 999
