corner_terms_flags [[ True  True False False]
 [ True False  True False]
 [False  True False  True]
 [False False  True  True]]
corner_terms_flags [[ True  True False False]
 [ True False  True False]
 [False  True False  True]
 [False False  True  True]]
single_qubit_flags [[ True False False False]
 [False  True False False]
 [False False  True False]
 [False False False  True]]
corner_terms_flags [[ True  True False False]
 [ True False  True False]
 [False  True False  True]
 [False False  True  True]]
QOC is saving this optimization run to ./out/00001_hamil_500_4_2_2.h5.
iter   |   total error  |    grads_l2   
=========================================
  0    | 9.52190944e-01 | 7.97294710e-02
  1    | 9.49031433e-01 | 6.10293361e-02
  2    | 9.46811843e-01 | 3.94254846e-02
  3    | 9.45625004e-01 | 1.67623194e-02
  4    | 9.45391898e-01 | 4.65559571e-03
  5    | 9.45801950e-01 | 2.18041646e-02
  6    | 9.46401794e-01 | 3.34473885e-02
  7    | 9.46825649e-01 | 3.94813568e-02
  8    | 9.46928444e-01 | 4.07933129e-02
  9    | 9.46740650e-01 | 3.83771626e-02
  10   | 9.46375162e-01 | 3.30608914e-02
  11   | 9.45963206e-01 | 2.55726396e-02
  12   | 9.45618232e-01 | 1.66586275e-02
  13   | 9.45414042e-01 | 7.14220236e-03
  14   | 9.45372497e-01 | 2.18223220e-03
  15   | 9.45463684e-01 | 1.03428177e-02
  16   | 9.45621636e-01 | 1.68150954e-02
  17   | 9.45771603e-01 | 2.11736832e-02
  18   | 9.45856923e-01 | 2.32820393e-02
  19   | 9.45854036e-01 | 2.32194029e-02
  20   | 9.45772640e-01 | 2.12179385e-02
  21   | 9.45645483e-01 | 1.76175845e-02
  22   | 9.45514056e-01 | 1.28418076e-02
  23   | 9.45414783e-01 | 7.38257468e-03
  24   | 9.45368759e-01 | 1.83661527e-03
  25   | 9.45377172e-01 | 3.64136323e-03
  26   | 9.45423480e-01 | 8.09692559e-03
  27   | 9.45481364e-01 | 1.14303153e-02
  28   | 9.45525198e-01 | 1.34157530e-02
  29   | 9.45538773e-01 | 1.39898753e-02
  30   | 9.45519305e-01 | 1.32230167e-02
  31   | 9.45476109e-01 | 1.12970605e-02
  32   | 9.45425421e-01 | 8.48392599e-03
  33   | 9.45383723e-01 | 5.12785773e-03
  34   | 9.45361944e-01 | 1.70742524e-03
  35   | 9.45362339e-01 | 2.11448485e-03
  36   | 9.45378865e-01 | 4.92096628e-03
  37   | 9.45400577e-01 | 7.06247752e-03
  38   | 9.45416445e-01 | 8.31412788e-03
  39   | 9.45419527e-01 | 8.61566283e-03
  40   | 9.45408962e-01 | 8.01616772e-03
  41   | 9.45389326e-01 | 6.65865961e-03
  42   | 9.45368000e-01 | 4.76902684e-03
  43   | 9.45351859e-01 | 2.68623792e-03
  44   | 9.45344621e-01 | 1.40662023e-03
  45   | 9.45345818e-01 | 2.56121124e-03
  46   | 9.45351591e-01 | 4.08393147e-03
  47   | 9.45356755e-01 | 5.15524828e-03
  48   | 9.45357117e-01 | 5.62329981e-03
  49   | 9.45351034e-01 | 5.48140404e-03
  50   | 9.45339667e-01 | 4.81948713e-03
  51   | 9.45326014e-01 | 3.82289837e-03
  52   | 9.45313307e-01 | 2.81759238e-03
  53   | 9.45303541e-01 | 2.35985649e-03
  54   | 9.45296748e-01 | 2.77323538e-03
  55   | 9.45291229e-01 | 3.54473514e-03
  56   | 9.45284507e-01 | 4.19544406e-03
  57   | 9.45274482e-01 | 4.54476647e-03
  58   | 9.45260218e-01 | 4.57405423e-03
  59   | 9.45242079e-01 | 4.37015857e-03
  60   | 9.45221234e-01 | 4.10234843e-03
  61   | 9.45198844e-01 | 3.97667538e-03
  62   | 9.45175363e-01 | 4.12592619e-03
  63   | 9.45150247e-01 | 4.51443449e-03
  64   | 9.45122146e-01 | 4.99852543e-03
  65   | 9.45089415e-01 | 5.44999422e-03
  66   | 9.45050640e-01 | 5.81123055e-03
  67   | 9.45004919e-01 | 6.09463919e-03
  68   | 9.44951792e-01 | 6.35975284e-03
  69   | 9.44890887e-01 | 6.67876069e-03
  70   | 9.44821503e-01 | 7.10076834e-03
  71   | 9.44742305e-01 | 7.63324404e-03
  72   | 9.44651268e-01 | 8.25086403e-03
  73   | 9.44545819e-01 | 8.92045536e-03
  74   | 9.44423049e-01 | 9.62274468e-03
  75   | 9.44279837e-01 | 1.03609229e-02
  76   | 9.44112788e-01 | 1.11565659e-02
  77   | 9.43917985e-01 | 1.20385608e-02
  78   | 9.43690652e-01 | 1.30320895e-02
  79   | 9.43424820e-01 | 1.41532117e-02
  80   | 9.43113066e-01 | 1.54105229e-02
  81   | 9.42746339e-01 | 1.68111304e-02
  82   | 9.42313785e-01 | 1.83665410e-02
  83   | 9.41802512e-01 | 2.00953249e-02
  84   | 9.41197245e-01 | 2.20218979e-02
  85   | 9.40479900e-01 | 2.41727072e-02
  86   | 9.39629166e-01 | 2.65716998e-02
  87   | 9.38620226e-01 | 2.92362769e-02
  88   | 9.37424787e-01 | 3.21737163e-02
  89   | 9.36011580e-01 | 3.53771355e-02
  90   | 9.34347512e-01 | 3.88199969e-02
  91   | 9.32399667e-01 | 4.24488648e-02
  92   | 9.30138298e-01 | 4.61751689e-02
  93   | 9.27540890e-01 | 4.98676607e-02
  94   | 9.24597153e-01 | 5.33477898e-02
  95   | 9.21314565e-01 | 5.63902746e-02
  96   | 9.17723803e-01 | 5.87307152e-02
  97   | 9.13883192e-01 | 6.00812483e-02
  98   | 9.09881160e-01 | 6.01541096e-02
  99   | 9.05835707e-01 | 5.86916858e-02
 100   | 9.01889978e-01 | 5.55003648e-02
 101   | 8.98203331e-01 | 5.04843662e-02
 102   | 8.94937700e-01 | 4.36748825e-02
 103   | 8.92239808e-01 | 3.52495131e-02
 104   | 8.90220873e-01 | 2.55374841e-02
 105   | 8.88936846e-01 | 1.50098453e-02
 106   | 8.88373632e-01 | 4.32571775e-03
 107   | 8.88442631e-01 | 6.47803424e-03
 108   | 8.88990861e-01 | 1.60117000e-02
 109   | 8.89825964e-01 | 2.42782665e-02
 110   | 8.90750144e-01 | 3.09564799e-02
 111   | 8.91592447e-01 | 3.59375084e-02
 112   | 8.92229989e-01 | 3.92515521e-02
 113   | 8.92594938e-01 | 4.10095241e-02
 114   | 8.92670157e-01 | 4.13557263e-02
 115   | 8.92478737e-01 | 4.04423443e-02
 116   | 8.92071601e-01 | 3.84237362e-02
 117   | 8.91515501e-01 | 3.54613447e-02
 118   | 8.90882370e-01 | 3.17298401e-02
 119   | 8.90240425e-01 | 2.74183911e-02
 120   | 8.89647325e-01 | 2.27250278e-02
 121   | 8.89145659e-01 | 1.78456813e-02
 122   | 8.88760915e-01 | 1.29621427e-02
 123   | 8.88501819e-01 | 8.23513355e-03
 124   | 8.88362575e-01 | 3.82118217e-03
 125   | 8.88326339e-01 | 9.72912260e-04
 126   | 8.88369198e-01 | 4.13040935e-03
 127   | 8.88464113e-01 | 7.23052843e-03
 128   | 8.88584412e-01 | 9.81484395e-03
 129   | 8.88706567e-01 | 1.18478407e-02
 130   | 8.88812086e-01 | 1.33320461e-02
 131   | 8.88888422e-01 | 1.42924102e-02
 132   | 8.88929009e-01 | 1.47679462e-02
 133   | 8.88932620e-01 | 1.48036127e-02
 134   | 8.88902344e-01 | 1.44443958e-02
 135   | 8.88844414e-01 | 1.37334340e-02
 136   | 8.88767035e-01 | 1.27139729e-02
 137   | 8.88679262e-01 | 1.14329596e-02
 138   | 8.88589966e-01 | 9.94349352e-03
 139   | 8.88506936e-01 | 8.30438954e-03
 140   | 8.88436191e-01 | 6.57703903e-03
 141   | 8.88381583e-01 | 4.82159098e-03
 142   | 8.88344706e-01 | 3.09628750e-03
 143   | 8.88325079e-01 | 1.47658459e-03
 144   | 8.88320535e-01 | 5.82074165e-04
 145   | 8.88327710e-01 | 1.71331376e-03
 146   | 8.88342592e-01 | 2.92446689e-03
 147   | 8.88361058e-01 | 3.95563030e-03
 148   | 8.88379354e-01 | 4.76932705e-03
 149   | 8.88394489e-01 | 5.35212291e-03
 150   | 8.88404458e-01 | 5.70471099e-03
 151   | 8.88408319e-01 | 5.83863057e-03
 152   | 8.88406099e-01 | 5.77271100e-03
 153   | 8.88398604e-01 | 5.52971738e-03
 154   | 8.88387173e-01 | 5.13430072e-03
 155   | 8.88373416e-01 | 4.61257301e-03
 156   | 8.88358980e-01 | 3.99261756e-03
 157   | 8.88345334e-01 | 3.30481226e-03
 158   | 8.88333626e-01 | 2.58132442e-03
 159   | 8.88324585e-01 | 1.85552447e-03
 160   | 8.88318503e-01 | 1.16584140e-03
 161   | 8.88315283e-01 | 5.95889026e-04
 162   | 8.88314520e-01 | 5.14247101e-04
 163   | 8.88315608e-01 | 9.26409850e-04
 164   | 8.88317853e-01 | 1.37139886e-03
 165   | 8.88320560e-01 | 1.75401817e-03
 166   | 8.88323120e-01 | 2.05308065e-03
 167   | 8.88325063e-01 | 2.26155152e-03
 168   | 8.88326093e-01 | 2.37921853e-03
 169   | 8.88326092e-01 | 2.41089301e-03
 170   | 8.88325103e-01 | 2.36502525e-03
 171   | 8.88323287e-01 | 2.25240362e-03
 172   | 8.88320884e-01 | 2.08564185e-03
 173   | 8.88318163e-01 | 1.88046263e-03
 174   | 8.88315376e-01 | 1.66034887e-03
 175   | 8.88312719e-01 | 1.46773266e-03
 176   | 8.88310285e-01 | 1.38300330e-03
 177   | 8.88308005e-01 | 1.52361303e-03
 178   | 8.88305548e-01 | 1.98094934e-03
 179   | 8.88302109e-01 | 2.80157370e-03
 180   | 8.88295971e-01 | 4.06383964e-03
 181   | 8.88283515e-01 | 5.92845476e-03
 182   | 8.88257102e-01 | 8.66135074e-03
 183   | 8.88200473e-01 | 1.26660367e-02
 184   | 8.88078925e-01 | 1.85377866e-02
 185   | 8.87818530e-01 | 2.71448495e-02
 186   | 8.87263362e-01 | 3.97390841e-02
 187   | 8.86092112e-01 | 5.80843752e-02
 188   | 8.83673031e-01 | 8.45384320e-02
 189   | 8.78865742e-01 | 1.21855718e-01
 190   | 8.69887690e-01 | 1.72029225e-01
 191   | 8.54557310e-01 | 2.32867186e-01
 192   | 8.31312530e-01 | 2.92204574e-01
 193   | 8.00956216e-01 | 3.25022502e-01
 194   | 7.68262548e-01 | 3.02589541e-01
 195   | 7.41991514e-01 | 2.21703902e-01
 196   | 7.30701544e-01 | 1.66017400e-01
 197   | 7.33719731e-01 | 2.21909944e-01
 198   | 7.41260649e-01 | 2.84060183e-01
 199   | 7.45781842e-01 | 3.15866011e-01
 200   | 7.44893075e-01 | 3.26667351e-01
 201   | 7.38922624e-01 | 3.26110221e-01
 202   | 7.29136242e-01 | 3.20987116e-01
 203   | 7.16798293e-01 | 3.18733547e-01
 204   | 7.02457415e-01 | 3.27711452e-01
 205   | 6.85577439e-01 | 3.52363672e-01
 206   | 6.64904213e-01 | 3.89022128e-01
 207   | 6.39230754e-01 | 4.26546045e-01
 208   | 6.08213569e-01 | 4.47780667e-01
 209   | 5.73531979e-01 | 4.31621407e-01
 210   | 5.39864142e-01 | 3.60676876e-01
 211   | 5.14199710e-01 | 2.38081137e-01
 212   | 5.02638347e-01 | 1.33451626e-01
 213   | 5.06014151e-01 | 2.03489977e-01
 214   | 5.18574062e-01 | 3.19277774e-01
 215   | 5.32109640e-01 | 3.96921213e-01
 216   | 5.40869841e-01 | 4.33949676e-01
 217   | 5.42763185e-01 | 4.40106153e-01
 218   | 5.38194351e-01 | 4.22691140e-01
 219   | 5.28867445e-01 | 3.84965036e-01
 220   | 5.17114548e-01 | 3.28575709e-01
 221   | 5.05454668e-01 | 2.57020268e-01
 222   | 4.96099991e-01 | 1.79740428e-01
 223   | 4.90401172e-01 | 1.19971045e-01
 224   | 4.88484687e-01 | 1.17183331e-01
 225   | 4.89360068e-01 | 1.58380049e-01
 226   | 4.91475214e-01 | 2.00983413e-01
 227   | 4.93365176e-01 | 2.30461521e-01
 228   | 4.94052266e-01 | 2.44843656e-01
 229   | 4.93133103e-01 | 2.45593936e-01
 230   | 4.90681405e-01 | 2.34869788e-01
 231   | 4.87094704e-01 | 2.14895979e-01
 232   | 4.82938921e-01 | 1.88214526e-01
 233   | 4.78800584e-01 | 1.58241916e-01
 234   | 4.75156096e-01 | 1.29827365e-01
 235   | 4.72280914e-01 | 1.09312036e-01
 236   | 4.70220828e-01 | 1.02141759e-01
 237   | 4.68827479e-01 | 1.07563430e-01
 238   | 4.67836425e-01 | 1.18987401e-01
 239   | 4.66956074e-01 | 1.30234885e-01
 240   | 4.65941729e-01 | 1.37934046e-01
 241   | 4.64640823e-01 | 1.40824077e-01
 242   | 4.63005595e-01 | 1.38896798e-01
 243   | 4.61077691e-01 | 1.32867903e-01
 244   | 4.58955784e-01 | 1.23838361e-01
 245   | 4.56760002e-01 | 1.13068697e-01
 246   | 4.54603567e-01 | 1.01877403e-01
 247   | 4.52574961e-01 | 9.16604517e-02
 248   | 4.50728206e-01 | 8.38911208e-02
 249   | 4.49078201e-01 | 7.98060786e-02
 250   | 4.47600865e-01 | 7.97056625e-02
 251   | 4.46240121e-01 | 8.25382506e-02
 252   | 4.44922587e-01 | 8.63995516e-02
 253   | 4.43577322e-01 | 8.94083980e-02
 254   | 4.42154983e-01 | 9.02331932e-02
 255   | 4.40640405e-01 | 8.82372862e-02
 256   | 4.39054824e-01 | 8.34652877e-02
 257   | 4.37447411e-01 | 7.65964480e-02
 258   | 4.35879123e-01 | 6.88855248e-02
 259   | 4.34404200e-01 | 6.20144889e-02
 260   | 4.33055232e-01 | 5.76457242e-02
 261   | 4.31836347e-01 | 5.65658270e-02
 262   | 4.30726069e-01 | 5.80903071e-02
 263   | 4.29687936e-01 | 6.05861167e-02
 264   | 4.28684405e-01 | 6.24817801e-02
 265   | 4.27688988e-01 | 6.27946645e-02
 266   | 4.26692802e-01 | 6.11872597e-02
 267   | 4.25704224e-01 | 5.78629998e-02
 268   | 4.24742901e-01 | 5.34368780e-02
 269   | 4.23831023e-01 | 4.87878795e-02
 270   | 4.22985273e-01 | 4.48471167e-02
 271   | 4.22212009e-01 | 4.22861215e-02
 272   | 4.21506734e-01 | 4.12177086e-02
 273   | 4.20857186e-01 | 4.11851010e-02
 274   | 4.20248245e-01 | 4.14955663e-02
 275   | 4.19666585e-01 | 4.15863813e-02
 276   | 4.19103519e-01 | 4.11894272e-02
 277   | 4.18555508e-01 | 4.03201851e-02
 278   | 4.18022794e-01 | 3.91860502e-02
 279   | 4.17507129e-01 | 3.80714862e-02
 280   | 4.17009674e-01 | 3.72314868e-02
 281   | 4.16529700e-01 | 3.68210290e-02
 282   | 4.16064251e-01 | 3.68802216e-02
 283   | 4.15608518e-01 | 3.73677500e-02
 284   | 4.15156492e-01 | 3.82088214e-02
 285   | 4.14701584e-01 | 3.93262450e-02
 286   | 4.14237051e-01 | 4.06483414e-02
 287   | 4.13756248e-01 | 4.21071055e-02
 288   | 4.13252810e-01 | 4.36411407e-02
 289   | 4.12720783e-01 | 4.52072042e-02
 290   | 4.12154701e-01 | 4.67938822e-02
 291   | 4.11549516e-01 | 4.84276174e-02
 292   | 4.10900353e-01 | 5.01649455e-02
 293   | 4.10202095e-01 | 5.20720867e-02
 294   | 4.09448938e-01 | 5.42001248e-02
 295   | 4.08634053e-01 | 5.65670501e-02
 296   | 4.07749478e-01 | 5.91546514e-02
 297   | 4.06786262e-01 | 6.19203772e-02
 298   | 4.05734781e-01 | 6.48170705e-02
 299   | 4.04585090e-01 | 6.78111117e-02
 300   | 4.03327145e-01 | 7.08920472e-02
 301   | 4.01950828e-01 | 7.40715772e-02
 302   | 4.00445766e-01 | 7.73742133e-02
 303   | 3.98801044e-01 | 8.08245459e-02
 304   | 3.97004936e-01 | 8.44363569e-02
 305   | 3.95044770e-01 | 8.82070263e-02
 306   | 3.92906995e-01 | 9.21178011e-02
 307   | 3.90577457e-01 | 9.61379596e-02
 308   | 3.88041833e-01 | 1.00229765e-01
 309   | 3.85286175e-01 | 1.04351542e-01
 310   | 3.82297545e-01 | 1.08457606e-01
 311   | 3.79064733e-01 | 1.12495313e-01
 312   | 3.75579112e-01 | 1.16400528e-01
 313   | 3.71835685e-01 | 1.20093126e-01
 314   | 3.67834362e-01 | 1.23473942e-01
 315   | 3.63581453e-01 | 1.26424101e-01
 316   | 3.59091322e-01 | 1.28807271e-01
 317   | 3.54388023e-01 | 1.30475181e-01
 318   | 3.49506703e-01 | 1.31276728e-01
 319   | 3.44494437e-01 | 1.31070954e-01
 320   | 3.39410150e-01 | 1.29743908e-01
 321   | 3.34323259e-01 | 1.27228809e-01
 322   | 3.29310796e-01 | 1.23527983e-01
 323   | 3.24452927e-01 | 1.18733879e-01
 324   | 3.19827145e-01 | 1.13045274e-01
 325   | 3.15501708e-01 | 1.06773604e-01
 326   | 3.11529236e-01 | 1.00333214e-01
 327   | 3.07941545e-01 | 9.42083132e-02
 328   | 3.04746667e-01 | 8.88904460e-02
 329   | 3.01928687e-01 | 8.47882115e-02
 330   | 2.99450458e-01 | 8.21305261e-02
 331   | 2.97258684e-01 | 8.09066795e-02
 332   | 2.95290434e-01 | 8.08817106e-02
 333   | 2.93479971e-01 | 8.16817394e-02
 334   | 2.91764896e-01 | 8.29007354e-02
 335   | 2.90090904e-01 | 8.41810831e-02
 336   | 2.88414833e-01 | 8.52520476e-02
 337   | 2.86706023e-01 | 8.59355376e-02
 338   | 2.84946236e-01 | 8.61349457e-02
 339   | 2.83128491e-01 | 8.58187093e-02
 340   | 2.81255193e-01 | 8.50045220e-02
 341   | 2.79335883e-01 | 8.37461731e-02
 342   | 2.77384883e-01 | 8.21229755e-02
 343   | 2.75419046e-01 | 8.02309702e-02
 344   | 2.73455750e-01 | 7.81750340e-02
 345   | 2.71511253e-01 | 7.60612930e-02
 346   | 2.69599465e-01 | 7.39896752e-02
 347   | 2.67731149e-01 | 7.20468882e-02
 348   | 2.65913559e-01 | 7.03004682e-02
 349   | 2.64150439e-01 | 6.87947081e-02
 350   | 2.62442334e-01 | 6.75491471e-02
 351   | 2.60787110e-01 | 6.65598808e-02
 352   | 2.59180598e-01 | 6.58033800e-02
 353   | 2.57617281e-01 | 6.52419963e-02
 354   | 2.56090958e-01 | 6.48300918e-02
 355   | 2.54595320e-01 | 6.45198162e-02
 356   | 2.53124427e-01 | 6.42658611e-02
 357   | 2.51673054e-01 | 6.40288905e-02
 358   | 2.50236910e-01 | 6.37776403e-02
 359   | 2.48812738e-01 | 6.34898575e-02
 360   | 2.47398314e-01 | 6.31523167e-02
 361   | 2.45992359e-01 | 6.27601534e-02
 362   | 2.44594400e-01 | 6.23157258e-02
 363   | 2.43204580e-01 | 6.18271833e-02
 364   | 2.41823467e-01 | 6.13068893e-02
 365   | 2.40451854e-01 | 6.07698177e-02
 366   | 2.39090587e-01 | 6.02320242e-02
 367   | 2.37740410e-01 | 5.97092722e-02
 368   | 2.36401855e-01 | 5.92158762e-02
 369   | 2.35075169e-01 | 5.87638088e-02
 370   | 2.33760269e-01 | 5.83620965e-02
 371   | 2.32456743e-01 | 5.80165138e-02
 372   | 2.31163867e-01 | 5.77295602e-02
 373   | 2.29880660e-01 | 5.75006884e-02
 374   | 2.28605933e-01 | 5.73267340e-02
 375   | 2.27338369e-01 | 5.72024853e-02
 376   | 2.26076586e-01 | 5.71213257e-02
 377   | 2.24819208e-01 | 5.70758854e-02
 378   | 2.23564920e-01 | 5.70586451e-02
 379   | 2.22312522e-01 | 5.70624470e-02
 380   | 2.21060955e-01 | 5.70808883e-02
 381   | 2.19809332e-01 | 5.71085848e-02
 382   | 2.18556935e-01 | 5.71413076e-02
 383   | 2.17303220e-01 | 5.71760099e-02
 384   | 2.16047796e-01 | 5.72107619e-02
 385   | 2.14790412e-01 | 5.72446209e-02
 386   | 2.13530927e-01 | 5.72774562e-02
 387   | 2.12269281e-01 | 5.73097520e-02
 388   | 2.11005477e-01 | 5.73424039e-02
 389   | 2.09739546e-01 | 5.73765237e-02
 390   | 2.08471533e-01 | 5.74132659e-02
 391   | 2.07201474e-01 | 5.74536841e-02
 392   | 2.05929388e-01 | 5.74986261e-02
 393   | 2.04655267e-01 | 5.75486702e-02
 394   | 2.03379072e-01 | 5.76041036e-02
 395   | 2.02100734e-01 | 5.76649366e-02
 396   | 2.00820156e-01 | 5.77309470e-02
 397   | 1.99537221e-01 | 5.78017415e-02
 398   | 1.98251791e-01 | 5.78768262e-02
 399   | 1.96963722e-01 | 5.79556743e-02
 400   | 1.95672860e-01 | 5.80377859e-02
 401   | 1.94379055e-01 | 5.81227333e-02
 402   | 1.93082156e-01 | 5.82101907e-02
 403   | 1.91782018e-01 | 5.82999496e-02
 404   | 1.90478501e-01 | 5.83919186e-02
 405   | 1.89171469e-01 | 5.84861135e-02
 406   | 1.87860793e-01 | 5.85826364e-02
 407   | 1.86546343e-01 | 5.86816513e-02
 408   | 1.85227994e-01 | 5.87833542e-02
 409   | 1.83905617e-01 | 5.88879457e-02
 410   | 1.82579082e-01 | 5.89956039e-02
 411   | 1.81248258e-01 | 5.91064632e-02
 412   | 1.79913008e-01 | 5.92205999e-02
 413   | 1.78573194e-01 | 5.93380236e-02
 414   | 1.77228672e-01 | 5.94586768e-02
 415   | 1.75879298e-01 | 5.95824396e-02
 416   | 1.74524928e-01 | 5.97091401e-02
 417   | 1.73165416e-01 | 5.98385661e-02
 418   | 1.71800620e-01 | 5.99704779e-02
 419   | 1.70430400e-01 | 6.01046211e-02
 420   | 1.69054621e-01 | 6.02407352e-02
 421   | 1.67673150e-01 | 6.03785614e-02
 422   | 1.66285864e-01 | 6.05178453e-02
 423   | 1.64892644e-01 | 6.06583382e-02
 424   | 1.63493375e-01 | 6.07997953e-02
 425   | 1.62087954e-01 | 6.09419727e-02
 426   | 1.60676282e-01 | 6.10846232e-02
 427   | 1.59258267e-01 | 6.12274931e-02
 428   | 1.57833827e-01 | 6.13703178e-02
 429   | 1.56402886e-01 | 6.15128207e-02
 430   | 1.54965379e-01 | 6.16547116e-02
 431   | 1.53521249e-01 | 6.17956870e-02
 432   | 1.52070453e-01 | 6.19354320e-02
 433   | 1.50612954e-01 | 6.20736225e-02
 434   | 1.49148733e-01 | 6.22099276e-02
 435   | 1.47677781e-01 | 6.23440123e-02
 436   | 1.46200103e-01 | 6.24755400e-02
 437   | 1.44715721e-01 | 6.26041731e-02
 438   | 1.43224671e-01 | 6.27295746e-02
 439   | 1.41727006e-01 | 6.28514071e-02
 440   | 1.40222795e-01 | 6.29693325e-02
 441   | 1.38712126e-01 | 6.30830105e-02
 442   | 1.37195104e-01 | 6.31920978e-02
 443   | 1.35671852e-01 | 6.32962463e-02
 444   | 1.34142512e-01 | 6.33951028e-02
 445   | 1.32607245e-01 | 6.34883084e-02
 446   | 1.31066233e-01 | 6.35754986e-02
 447   | 1.29519676e-01 | 6.36563040e-02
 448   | 1.27967795e-01 | 6.37303514e-02
 449   | 1.26410831e-01 | 6.37972650e-02
 450   | 1.24849048e-01 | 6.38566680e-02
 451   | 1.23282727e-01 | 6.39081842e-02
 452   | 1.21712173e-01 | 6.39514393e-02
 453   | 1.20137709e-01 | 6.39860627e-02
 454   | 1.18559683e-01 | 6.40116882e-02
 455   | 1.16978458e-01 | 6.40279554e-02
 456   | 1.15394420e-01 | 6.40345109e-02
 457   | 1.13807976e-01 | 6.40310083e-02
 458   | 1.12219548e-01 | 6.40171099e-02
 459   | 1.10629579e-01 | 6.39924871e-02
 460   | 1.09038531e-01 | 6.39568212e-02
 461   | 1.07446879e-01 | 6.39098043e-02
 462   | 1.05855120e-01 | 6.38511403e-02
 463   | 1.04263761e-01 | 6.37805455e-02
 464   | 1.02673327e-01 | 6.36977500e-02
 465   | 1.01084357e-01 | 6.36024984e-02
 466   | 9.94973998e-02 | 6.34945502e-02
 467   | 9.79130195e-02 | 6.33736815e-02
 468   | 9.63317893e-02 | 6.32396849e-02
 469   | 9.47542923e-02 | 6.30923709e-02
 470   | 9.31811207e-02 | 6.29315680e-02
 471   | 9.16128737e-02 | 6.27571241e-02
 472   | 9.00501573e-02 | 6.25689063e-02
 473   | 8.84935824e-02 | 6.23668023e-02
 474   | 8.69437637e-02 | 6.21507206e-02
 475   | 8.54013188e-02 | 6.19205916e-02
 476   | 8.38668665e-02 | 6.16763677e-02
 477   | 8.23410255e-02 | 6.14180244e-02
 478   | 8.08244134e-02 | 6.11455605e-02
 479   | 7.93176448e-02 | 6.08589988e-02
 480   | 7.78213306e-02 | 6.05583869e-02
 481   | 7.63360761e-02 | 6.02437970e-02
 482   | 7.48624798e-02 | 5.99153266e-02
 483   | 7.34011319e-02 | 5.95730990e-02
 484   | 7.19526129e-02 | 5.92172634e-02
 485   | 7.05174925e-02 | 5.88479952e-02
 486   | 6.90963276e-02 | 5.84654965e-02
 487   | 6.76896616e-02 | 5.80699960e-02
 488   | 6.62980223e-02 | 5.76617498e-02
 489   | 6.49219210e-02 | 5.72410408e-02
 490   | 6.35618512e-02 | 5.68081797e-02
 491   | 6.22182871e-02 | 5.63635043e-02
 492   | 6.08916824e-02 | 5.59073797e-02
 493   | 5.95824690e-02 | 5.54401982e-02
 494   | 5.82910563e-02 | 5.49623784e-02
 495   | 5.70178296e-02 | 5.44743649e-02
 496   | 5.57631492e-02 | 5.39766272e-02
 497   | 5.45273499e-02 | 5.34696589e-02
 498   | 5.33107396e-02 | 5.29539761e-02
 499   | 5.21135990e-02 | 5.24301159e-02
 500   | 5.09361806e-02 | 5.18986350e-02
 501   | 4.97787085e-02 | 5.13601075e-02
 502   | 4.86413778e-02 | 5.08151230e-02
 503   | 4.75243541e-02 | 5.02642843e-02
 504   | 4.64277738e-02 | 4.97082054e-02
 505   | 4.53517436e-02 | 4.91475090e-02
 506   | 4.42963407e-02 | 4.85828241e-02
 507   | 4.32616131e-02 | 4.80147833e-02
 508   | 4.22475796e-02 | 4.74440209e-02
 509   | 4.12542305e-02 | 4.68711697e-02
 510   | 4.02815280e-02 | 4.62968591e-02
 511   | 3.93294069e-02 | 4.57217120e-02
 512   | 3.83977752e-02 | 4.51463433e-02
 513   | 3.74865154e-02 | 4.45713565e-02
 514   | 3.65954848e-02 | 4.39973420e-02
 515   | 3.57245172e-02 | 4.34248751e-02
 516   | 3.48734236e-02 | 4.28545133e-02
 517   | 3.40419935e-02 | 4.22867948e-02
 518   | 3.32299963e-02 | 4.17222362e-02
 519   | 3.24371826e-02 | 4.11613316e-02
 520   | 3.16632852e-02 | 4.06045500e-02
 521   | 3.09080212e-02 | 4.00523346e-02
 522   | 3.01710927e-02 | 3.95051016e-02
 523   | 2.94521886e-02 | 3.89632387e-02
 524   | 2.87509863e-02 | 3.84271046e-02
 525   | 2.80671523e-02 | 3.78970281e-02
 526   | 2.74003448e-02 | 3.73733081e-02
 527   | 2.67502138e-02 | 3.68562127e-02
 528   | 2.61164038e-02 | 3.63459795e-02
 529   | 2.54985539e-02 | 3.58428157e-02
 530   | 2.48963000e-02 | 3.53468985e-02
 531   | 2.43092756e-02 | 3.48583755e-02
 532   | 2.37371130e-02 | 3.43773651e-02
 533   | 2.31794448e-02 | 3.39039579e-02
 534   | 2.26359042e-02 | 3.34382173e-02
 535   | 2.21061269e-02 | 3.29801810e-02
 536   | 2.15897512e-02 | 3.25298616e-02
 537   | 2.10864194e-02 | 3.20872487e-02
 538   | 2.05957785e-02 | 3.16523100e-02
 539   | 2.01174804e-02 | 3.12249927e-02
 540   | 1.96511832e-02 | 3.08052254e-02
 541   | 1.91965514e-02 | 3.03929196e-02
 542   | 1.87532565e-02 | 2.99879712e-02
 543   | 1.83209772e-02 | 2.95902623e-02
 544   | 1.78994001e-02 | 2.91996631e-02
 545   | 1.74882196e-02 | 2.88160327e-02
 546   | 1.70871384e-02 | 2.84392219e-02
 547   | 1.66958677e-02 | 2.80690735e-02
 548   | 1.63141270e-02 | 2.77054246e-02
 549   | 1.59416443e-02 | 2.73481076e-02
 550   | 1.55781566e-02 | 2.69969519e-02
 551   | 1.52234089e-02 | 2.66517844e-02
 552   | 1.48771550e-02 | 2.63124317e-02
 553   | 1.45391571e-02 | 2.59787200e-02
 554   | 1.42091855e-02 | 2.56504769e-02
 555   | 1.38870188e-02 | 2.53275322e-02
 556   | 1.35724432e-02 | 2.50097180e-02
 557   | 1.32652529e-02 | 2.46968702e-02
 558   | 1.29652496e-02 | 2.43888285e-02
 559   | 1.26722420e-02 | 2.40854375e-02
 560   | 1.23860461e-02 | 2.37865463e-02
 561   | 1.21064845e-02 | 2.34920098e-02
 562   | 1.18333864e-02 | 2.32016880e-02
 563   | 1.15665873e-02 | 2.29154471e-02
 564   | 1.13059285e-02 | 2.26331591e-02
 565   | 1.10512572e-02 | 2.23547019e-02
 566   | 1.08024261e-02 | 2.20799598e-02
 567   | 1.05592929e-02 | 2.18088229e-02
 568   | 1.03217206e-02 | 2.15411873e-02
 569   | 1.00895765e-02 | 2.12769552e-02
 570   | 9.86273267e-03 | 2.10160346e-02
 571   | 9.64106539e-03 | 2.07583389e-02
 572   | 9.42445489e-03 | 2.05037873e-02
 573   | 9.21278525e-03 | 2.02523042e-02
 574   | 9.00594416e-03 | 2.00038191e-02
 575   | 8.80382268e-03 | 1.97582664e-02
 576   | 8.60631515e-03 | 1.95155852e-02
 577   | 8.41331892e-03 | 1.92757189e-02
 578   | 8.22473422e-03 | 1.90386153e-02
 579   | 8.04046403e-03 | 1.88042261e-02
 580   | 7.86041388e-03 | 1.85725066e-02
 581   | 7.68449176e-03 | 1.83434156e-02
 582   | 7.51260795e-03 | 1.81169154e-02
 583   | 7.34467494e-03 | 1.78929709e-02
 584   | 7.18060729e-03 | 1.76715500e-02
 585   | 7.02032153e-03 | 1.74526233e-02
 586   | 6.86373607e-03 | 1.72361633e-02
 587   | 6.71077112e-03 | 1.70221450e-02
 588   | 6.56134859e-03 | 1.68105451e-02
 589   | 6.41539203e-03 | 1.66013423e-02
 590   | 6.27282657e-03 | 1.63945164e-02
 591   | 6.13357882e-03 | 1.61900489e-02
 592   | 5.99757686e-03 | 1.59879225e-02
 593   | 5.86475016e-03 | 1.57881206e-02
 594   | 5.73502953e-03 | 1.55906280e-02
 595   | 5.60834709e-03 | 1.53954297e-02
 596   | 5.48463626e-03 | 1.52025119e-02
 597   | 5.36383165e-03 | 1.50118609e-02
 598   | 5.24586909e-03 | 1.48234636e-02
 599   | 5.13068560e-03 | 1.46373070e-02
 600   | 5.01821933e-03 | 1.44533786e-02
 601   | 4.90840956e-03 | 1.42716659e-02
 602   | 4.80119667e-03 | 1.40921563e-02
 603   | 4.69652214e-03 | 1.39148374e-02
 604   | 4.59432851e-03 | 1.37396967e-02
 605   | 4.49455936e-03 | 1.35667215e-02
 606   | 4.39715933e-03 | 1.33958988e-02
 607   | 4.30207408e-03 | 1.32272157e-02
 608   | 4.20925027e-03 | 1.30606588e-02
 609   | 4.11863557e-03 | 1.28962145e-02
 610   | 4.03017865e-03 | 1.27338689e-02
 611   | 3.94382912e-03 | 1.25736077e-02
 612   | 3.85953761e-03 | 1.24154165e-02
 613   | 3.77725569e-03 | 1.22592802e-02
 614   | 3.69693585e-03 | 1.21051836e-02
 615   | 3.61853158e-03 | 1.19531110e-02
 616   | 3.54199724e-03 | 1.18030466e-02
 617   | 3.46728815e-03 | 1.16549739e-02
 618   | 3.39436053e-03 | 1.15088763e-02
 619   | 3.32317150e-03 | 1.13647369e-02
 620   | 3.25367909e-03 | 1.12225382e-02
 621   | 3.18584218e-03 | 1.10822626e-02
 622   | 3.11962056e-03 | 1.09438924e-02
 623   | 3.05497486e-03 | 1.08074091e-02
 624   | 2.99186655e-03 | 1.06727945e-02
 625   | 2.93025798e-03 | 1.05400297e-02
 626   | 2.87011230e-03 | 1.04090960e-02
 627   | 2.81139348e-03 | 1.02799742e-02
 628   | 2.75406631e-03 | 1.01526450e-02
 629   | 2.69809638e-03 | 1.00270890e-02
 630   | 2.64345005e-03 | 9.90328662e-03
 631   | 2.59009445e-03 | 9.78121812e-03
 632   | 2.53799749e-03 | 9.66086373e-03
 633   | 2.48712780e-03 | 9.54220356e-03
 634   | 2.43745479e-03 | 9.42521766e-03
 635   | 2.38894854e-03 | 9.30988606e-03
 636   | 2.34157989e-03 | 9.19618872e-03
 637   | 2.29532033e-03 | 9.08410563e-03
 638   | 2.25014208e-03 | 8.97361675e-03
 639   | 2.20601800e-03 | 8.86470208e-03
 640   | 2.16292163e-03 | 8.75734164e-03
 641   | 2.12082714e-03 | 8.65151553e-03
 642   | 2.07970936e-03 | 8.54720387e-03
 643   | 2.03954370e-03 | 8.44438688e-03
 644   | 2.00030623e-03 | 8.34304486e-03
 645   | 1.96197356e-03 | 8.24315819e-03
 646   | 1.92452294e-03 | 8.14470739e-03
 647   | 1.88793215e-03 | 8.04767307e-03
 648   | 1.85217954e-03 | 7.95203598e-03
 649   | 1.81724401e-03 | 7.85777698e-03
 650   | 1.78310499e-03 | 7.76487711e-03
 651   | 1.74974244e-03 | 7.67331753e-03
 652   | 1.71713683e-03 | 7.58307956e-03
 653   | 1.68526910e-03 | 7.49414468e-03
 654   | 1.65412073e-03 | 7.40649454e-03
 655   | 1.62367362e-03 | 7.32011097e-03
 656   | 1.59391016e-03 | 7.23497596e-03
 657   | 1.56481321e-03 | 7.15107169e-03
 658   | 1.53636604e-03 | 7.06838050e-03
 659   | 1.50855237e-03 | 6.98688495e-03
 660   | 1.48135633e-03 | 6.90656776e-03
 661   | 1.45476248e-03 | 6.82741184e-03
 662   | 1.42875576e-03 | 6.74940031e-03
 663   | 1.40332150e-03 | 6.67251647e-03
 664   | 1.37844543e-03 | 6.59674381e-03
 665   | 1.35411364e-03 | 6.52206602e-03
 666   | 1.33031258e-03 | 6.44846698e-03
 667   | 1.30702905e-03 | 6.37593077e-03
 668   | 1.28425021e-03 | 6.30444167e-03
 669   | 1.26196353e-03 | 6.23398414e-03
 670   | 1.24015682e-03 | 6.16454284e-03
 671   | 1.21881822e-03 | 6.09610262e-03
 672   | 1.19793616e-03 | 6.02864854e-03
 673   | 1.17749938e-03 | 5.96216584e-03
 674   | 1.15749690e-03 | 5.89663995e-03
 675   | 1.13791807e-03 | 5.83205648e-03
 676   | 1.11875246e-03 | 5.76840126e-03
 677   | 1.09998995e-03 | 5.70566028e-03
 678   | 1.08162068e-03 | 5.64381972e-03
 679   | 1.06363503e-03 | 5.58286597e-03
 680   | 1.04602365e-03 | 5.52278557e-03
 681   | 1.02877743e-03 | 5.46356526e-03
 682   | 1.01188749e-03 | 5.40519195e-03
 683   | 9.95345183e-04 | 5.34765275e-03
 684   | 9.79142097e-04 | 5.29093493e-03
 685   | 9.63270030e-04 | 5.23502593e-03
 686   | 9.47720997e-04 | 5.17991337e-03
 687   | 9.32487220e-04 | 5.12558505e-03
 688   | 9.17561124e-04 | 5.07202893e-03
 689   | 9.02935331e-04 | 5.01923313e-03
 690   | 8.88602654e-04 | 4.96718596e-03
 691   | 8.74556095e-04 | 4.91587587e-03
 692   | 8.60788835e-04 | 4.86529148e-03
 693   | 8.47294234e-04 | 4.81542158e-03
 694   | 8.34065823e-04 | 4.76625510e-03
 695   | 8.21097302e-04 | 4.71778114e-03
 696   | 8.08382532e-04 | 4.66998895e-03
 697   | 7.95915534e-04 | 4.62286793e-03
 698   | 7.83690485e-04 | 4.57640764e-03
 699   | 7.71701711e-04 | 4.53059778e-03
 700   | 7.59943684e-04 | 4.48542820e-03
 701   | 7.48411020e-04 | 4.44088890e-03
 702   | 7.37098472e-04 | 4.39697001e-03
 703   | 7.26000931e-04 | 4.35366182e-03
 704   | 7.15113415e-04 | 4.31095475e-03
 705   | 7.04431074e-04 | 4.26883935e-03
 706   | 6.93949181e-04 | 4.22730633e-03
 707   | 6.83663130e-04 | 4.18634652e-03
 708   | 6.73568434e-04 | 4.14595088e-03
 709   | 6.63660719e-04 | 4.10611050e-03
 710   | 6.53935725e-04 | 4.06681661e-03
 711   | 6.44389299e-04 | 4.02806058e-03
 712   | 6.35017395e-04 | 3.98983387e-03
 713   | 6.25816071e-04 | 3.95212810e-03
 714   | 6.16781482e-04 | 3.91493500e-03
 715   | 6.07909884e-04 | 3.87824642e-03
 716   | 5.99197627e-04 | 3.84205434e-03
 717   | 5.90641152e-04 | 3.80635084e-03
 718   | 5.82236994e-04 | 3.77112814e-03
 719   | 5.73981772e-04 | 3.73637856e-03
 720   | 5.65872191e-04 | 3.70209455e-03
 721   | 5.57905040e-04 | 3.66826866e-03
 722   | 5.50077189e-04 | 3.63489356e-03
 723   | 5.42385586e-04 | 3.60196202e-03
 724   | 5.34827256e-04 | 3.56946693e-03
 725   | 5.27399299e-04 | 3.53740128e-03
 726   | 5.20098887e-04 | 3.50575818e-03
 727   | 5.12923263e-04 | 3.47453082e-03
 728   | 5.05869738e-04 | 3.44371253e-03
 729   | 4.98935691e-04 | 3.41329671e-03
 730   | 4.92118567e-04 | 3.38327687e-03
 731   | 4.85415873e-04 | 3.35364662e-03
 732   | 4.78825179e-04 | 3.32439968e-03
 733   | 4.72344113e-04 | 3.29552986e-03
 734   | 4.65970364e-04 | 3.26703106e-03
 735   | 4.59701678e-04 | 3.23889728e-03
 736   | 4.53535856e-04 | 3.21112261e-03
 737   | 4.47470752e-04 | 3.18370125e-03
 738   | 4.41504273e-04 | 3.15662745e-03
 739   | 4.35634380e-04 | 3.12989561e-03
 740   | 4.29859080e-04 | 3.10350016e-03
 741   | 4.24176432e-04 | 3.07743565e-03
 742   | 4.18584539e-04 | 3.05169671e-03
 743   | 4.13081554e-04 | 3.02627807e-03
 744   | 4.07665671e-04 | 3.00117451e-03
 745   | 4.02335131e-04 | 2.97638093e-03
 746   | 3.97088215e-04 | 2.95189228e-03
 747   | 3.91923247e-04 | 2.92770362e-03
 748   | 3.86838592e-04 | 2.90381007e-03
 749   | 3.81832651e-04 | 2.88020684e-03
 750   | 3.76903868e-04 | 2.85688920e-03
 751   | 3.72050720e-04 | 2.83385253e-03
 752   | 3.67271723e-04 | 2.81109225e-03
 753   | 3.62565427e-04 | 2.78860388e-03
 754   | 3.57930418e-04 | 2.76638300e-03
 755   | 3.53365314e-04 | 2.74442527e-03
 756   | 3.48868766e-04 | 2.72272641e-03
 757   | 3.44439457e-04 | 2.70128223e-03
 758   | 3.40076102e-04 | 2.68008860e-03
 759   | 3.35777444e-04 | 2.65914145e-03
 760   | 3.31542258e-04 | 2.63843678e-03
 761   | 3.27369345e-04 | 2.61797068e-03
 762   | 3.23257537e-04 | 2.59773928e-03
 763   | 3.19205689e-04 | 2.57773878e-03
 764   | 3.15212687e-04 | 2.55796546e-03
 765   | 3.11277441e-04 | 2.53841563e-03
 766   | 3.07398884e-04 | 2.51908570e-03
 767   | 3.03575977e-04 | 2.49997211e-03
 768   | 2.99807703e-04 | 2.48107139e-03
 769   | 2.96093068e-04 | 2.46238011e-03
 770   | 2.92431101e-04 | 2.44389490e-03
 771   | 2.88820855e-04 | 2.42561245e-03
 772   | 2.85261401e-04 | 2.40752951e-03
 773   | 2.81751833e-04 | 2.38964288e-03
 774   | 2.78291267e-04 | 2.37194943e-03
 775   | 2.74878834e-04 | 2.35444606e-03
 776   | 2.71513690e-04 | 2.33712974e-03
 777   | 2.68195007e-04 | 2.31999750e-03
 778   | 2.64921975e-04 | 2.30304641e-03
 779   | 2.61693803e-04 | 2.28627359e-03
 780   | 2.58509718e-04 | 2.26967621e-03
 781   | 2.55368963e-04 | 2.25325150e-03
 782   | 2.52270797e-04 | 2.23699674e-03
 783   | 2.49214497e-04 | 2.22090924e-03
 784   | 2.46199355e-04 | 2.20498637e-03
 785   | 2.43224678e-04 | 2.18922554e-03
 786   | 2.40289789e-04 | 2.17362423e-03
 787   | 2.37394025e-04 | 2.15817994e-03
 788   | 2.34536736e-04 | 2.14289021e-03
 789   | 2.31717288e-04 | 2.12775264e-03
 790   | 2.28935060e-04 | 2.11276488e-03
 791   | 2.26189444e-04 | 2.09792460e-03
 792   | 2.23479844e-04 | 2.08322952e-03
 793   | 2.20805678e-04 | 2.06867742e-03
 794   | 2.18166375e-04 | 2.05426609e-03
 795   | 2.15561378e-04 | 2.03999337e-03
 796   | 2.12990139e-04 | 2.02585716e-03
 797   | 2.10452123e-04 | 2.01185537e-03
 798   | 2.07946805e-04 | 1.99798596e-03
 799   | 2.05473673e-04 | 1.98424693e-03
 800   | 2.03032223e-04 | 1.97063632e-03
 801   | 2.00621962e-04 | 1.95715219e-03
 802   | 1.98242409e-04 | 1.94379264e-03
 803   | 1.95893089e-04 | 1.93055583e-03
 804   | 1.93573540e-04 | 1.91743992e-03
 805   | 1.91283308e-04 | 1.90444311e-03
 806   | 1.89021947e-04 | 1.89156366e-03
 807   | 1.86789022e-04 | 1.87879983e-03
 808   | 1.84584106e-04 | 1.86614993e-03
 809   | 1.82406779e-04 | 1.85361230e-03
 810   | 1.80256630e-04 | 1.84118529e-03
 811   | 1.78133257e-04 | 1.82886732e-03
 812   | 1.76036266e-04 | 1.81665681e-03
 813   | 1.73965268e-04 | 1.80455222e-03
 814   | 1.71919884e-04 | 1.79255202e-03
 815   | 1.69899742e-04 | 1.78065474e-03
 816   | 1.67904476e-04 | 1.76885892e-03
 817   | 1.65933728e-04 | 1.75716312e-03
 818   | 1.63987146e-04 | 1.74556594e-03
 819   | 1.62064385e-04 | 1.73406600e-03
 820   | 1.60165107e-04 | 1.72266196e-03
 821   | 1.58288979e-04 | 1.71135247e-03
 822   | 1.56435676e-04 | 1.70013625e-03
 823   | 1.54604877e-04 | 1.68901201e-03
 824   | 1.52796269e-04 | 1.67797849e-03
 825   | 1.51009542e-04 | 1.66703448e-03
 826   | 1.49244394e-04 | 1.65617875e-03
 827   | 1.47500527e-04 | 1.64541014e-03
 828   | 1.45777650e-04 | 1.63472746e-03
 829   | 1.44075476e-04 | 1.62412959e-03
 830   | 1.42393723e-04 | 1.61361540e-03
 831   | 1.40732114e-04 | 1.60318380e-03
 832   | 1.39090378e-04 | 1.59283370e-03
 833   | 1.37468247e-04 | 1.58256405e-03
 834   | 1.35865459e-04 | 1.57237382e-03
 835   | 1.34281756e-04 | 1.56226198e-03
 836   | 1.32716885e-04 | 1.55222753e-03
 837   | 1.31170597e-04 | 1.54226950e-03
 838   | 1.29642647e-04 | 1.53238692e-03
 839   | 1.28132793e-04 | 1.52257885e-03
 840   | 1.26640801e-04 | 1.51284436e-03
 841   | 1.25166436e-04 | 1.50318254e-03
 842   | 1.23709470e-04 | 1.49359251e-03
 843   | 1.22269678e-04 | 1.48407338e-03
 844   | 1.20846839e-04 | 1.47462429e-03
 845   | 1.19440736e-04 | 1.46524441e-03
 846   | 1.18051153e-04 | 1.45593290e-03
 847   | 1.16677881e-04 | 1.44668895e-03
 848   | 1.15320711e-04 | 1.43751177e-03
 849   | 1.13979442e-04 | 1.42840058e-03
 850   | 1.12653871e-04 | 1.41935460e-03
 851   | 1.11343801e-04 | 1.41037308e-03
 852   | 1.10049038e-04 | 1.40145528e-03
 853   | 1.08769390e-04 | 1.39260048e-03
 854   | 1.07504670e-04 | 1.38380796e-03
 855   | 1.06254691e-04 | 1.37507703e-03
 856   | 1.05019272e-04 | 1.36640699e-03
 857   | 1.03798232e-04 | 1.35779717e-03
 858   | 1.02591394e-04 | 1.34924691e-03
 859   | 1.01398585e-04 | 1.34075556e-03
 860   | 1.00219633e-04 | 1.33232249e-03
 861   | 9.90543674e-05 | 1.32394705e-03
 862   | 9.79026230e-05 | 1.31562865e-03
 863   | 9.67642353e-05 | 1.30736667e-03
 864   | 9.56390426e-05 | 1.29916053e-03
 865   | 9.45268856e-05 | 1.29100963e-03
 866   | 9.34276074e-05 | 1.28291341e-03
 867   | 9.23410532e-05 | 1.27487130e-03
 868   | 9.12670705e-05 | 1.26688275e-03
 869   | 9.02055090e-05 | 1.25894723e-03
 870   | 8.91562207e-05 | 1.25106419e-03
 871   | 8.81190594e-05 | 1.24323311e-03
 872   | 8.70938813e-05 | 1.23545349e-03
 873   | 8.60805443e-05 | 1.22772480e-03
 874   | 8.50789085e-05 | 1.22004657e-03
 875   | 8.40888360e-05 | 1.21241829e-03
 876   | 8.31101906e-05 | 1.20483950e-03
 877   | 8.21428381e-05 | 1.19730971e-03
 878   | 8.11866461e-05 | 1.18982848e-03
 879   | 8.02414840e-05 | 1.18239533e-03
 880   | 7.93072231e-05 | 1.17500983e-03
 881   | 7.83837362e-05 | 1.16767153e-03
 882   | 7.74708981e-05 | 1.16038000e-03
 883   | 7.65685850e-05 | 1.15313482e-03
 884   | 7.56766750e-05 | 1.14593557e-03
 885   | 7.47950475e-05 | 1.13878184e-03
 886   | 7.39235837e-05 | 1.13167322e-03
 887   | 7.30621665e-05 | 1.12460932e-03
 888   | 7.22106800e-05 | 1.11758975e-03
 889   | 7.13690100e-05 | 1.11061411e-03
 890   | 7.05370438e-05 | 1.10368204e-03
 891   | 6.97146700e-05 | 1.09679316e-03
 892   | 6.89017788e-05 | 1.08994711e-03
 893   | 6.80982617e-05 | 1.08314352e-03
 894   | 6.73040115e-05 | 1.07638204e-03
 895   | 6.65189227e-05 | 1.06966232e-03
 896   | 6.57428906e-05 | 1.06298402e-03
 897   | 6.49758123e-05 | 1.05634680e-03
 898   | 6.42175859e-05 | 1.04975033e-03
 899   | 6.34681110e-05 | 1.04319427e-03
 900   | 6.27272881e-05 | 1.03667832e-03
 901   | 6.19950192e-05 | 1.03020214e-03
 902   | 6.12712075e-05 | 1.02376543e-03
 903   | 6.05557572e-05 | 1.01736788e-03
 904   | 5.98485739e-05 | 1.01100918e-03
 905   | 5.91495642e-05 | 1.00468904e-03
 906   | 5.84586359e-05 | 9.98407166e-04
 907   | 5.77756978e-05 | 9.92163259e-04
 908   | 5.71006599e-05 | 9.85957038e-04
 909   | 5.64334333e-05 | 9.79788221e-04
 910   | 5.57739301e-05 | 9.73656531e-04
 911   | 5.51220634e-05 | 9.67561693e-04
 912   | 5.44777475e-05 | 9.61503437e-04
 913   | 5.38408975e-05 | 9.55481499e-04
 914   | 5.32114297e-05 | 9.49495614e-04
 915   | 5.25892612e-05 | 9.43545526e-04
 916   | 5.19743102e-05 | 9.37630978e-04
 917   | 5.13664958e-05 | 9.31751719e-04
 918   | 5.07657381e-05 | 9.25907500e-04
 919   | 5.01719581e-05 | 9.20098078e-04
 920   | 4.95850776e-05 | 9.14323210e-04
 921   | 4.90050194e-05 | 9.08582657e-04
 922   | 4.84317073e-05 | 9.02876186e-04
 923   | 4.78650657e-05 | 8.97203563e-04
 924   | 4.73050202e-05 | 8.91564559e-04
 925   | 4.67514970e-05 | 8.85958948e-04
 926   | 4.62044232e-05 | 8.80386507e-04
 927   | 4.56637267e-05 | 8.74847015e-04
 928   | 4.51293364e-05 | 8.69340255e-04
 929   | 4.46011817e-05 | 8.63866010e-04
 930   | 4.40791930e-05 | 8.58424069e-04
 931   | 4.35633015e-05 | 8.53014223e-04
 932   | 4.30534391e-05 | 8.47636262e-04
 933   | 4.25495385e-05 | 8.42289983e-04
 934   | 4.20515331e-05 | 8.36975184e-04
 935   | 4.15593570e-05 | 8.31691663e-04
 936   | 4.10729453e-05 | 8.26439224e-04
 937   | 4.05922334e-05 | 8.21217671e-04
 938   | 4.01171577e-05 | 8.16026810e-04
 939   | 3.96476554e-05 | 8.10866451e-04
 940   | 3.91836641e-05 | 8.05736404e-04
 941   | 3.87251223e-05 | 8.00636483e-04
 942   | 3.82719691e-05 | 7.95566503e-04
 943   | 3.78241442e-05 | 7.90526282e-04
 944   | 3.73815881e-05 | 7.85515638e-04
 945   | 3.69442419e-05 | 7.80534392e-04
 946   | 3.65120474e-05 | 7.75582369e-04
 947   | 3.60849468e-05 | 7.70659391e-04
 948   | 3.56628833e-05 | 7.65765287e-04
 949   | 3.52458004e-05 | 7.60899884e-04
 950   | 3.48336424e-05 | 7.56063014e-04
 951   | 3.44263541e-05 | 7.51254507e-04
 952   | 3.40238810e-05 | 7.46474197e-04
 953   | 3.36261691e-05 | 7.41721920e-04
 954   | 3.32331651e-05 | 7.36997512e-04
 955   | 3.28448160e-05 | 7.32300811e-04
 956   | 3.24610698e-05 | 7.27631659e-04
 957   | 3.20818748e-05 | 7.22989896e-04
 958   | 3.17071798e-05 | 7.18375365e-04
 959   | 3.13369342e-05 | 7.13787910e-04
 960   | 3.09710882e-05 | 7.09227377e-04
 961   | 3.06095922e-05 | 7.04693615e-04
 962   | 3.02523972e-05 | 7.00186470e-04
 963   | 2.98994550e-05 | 6.95705793e-04
 964   | 2.95507175e-05 | 6.91251436e-04
 965   | 2.92061374e-05 | 6.86823251e-04
 966   | 2.88656679e-05 | 6.82421092e-04
 967   | 2.85292626e-05 | 6.78044813e-04
 968   | 2.81968756e-05 | 6.73694272e-04
 969   | 2.78684615e-05 | 6.69369325e-04
 970   | 2.75439755e-05 | 6.65069832e-04
 971   | 2.72233731e-05 | 6.60795652e-04
 972   | 2.69066105e-05 | 6.56546647e-04
 973   | 2.65936442e-05 | 6.52322678e-04
 974   | 2.62844311e-05 | 6.48123608e-04
 975   | 2.59789288e-05 | 6.43949302e-04
 976   | 2.56770951e-05 | 6.39799626e-04
 977   | 2.53788885e-05 | 6.35674446e-04
 978   | 2.50842678e-05 | 6.31573628e-04
 979   | 2.47931921e-05 | 6.27497042e-04
 980   | 2.45056213e-05 | 6.23444557e-04
 981   | 2.42215154e-05 | 6.19416043e-04
 982   | 2.39408350e-05 | 6.15411372e-04
 983   | 2.36635411e-05 | 6.11430416e-04
 984   | 2.33895950e-05 | 6.07473049e-04
 985   | 2.31189586e-05 | 6.03539143e-04
 986   | 2.28515940e-05 | 5.99628575e-04
 987   | 2.25874640e-05 | 5.95741220e-04
 988   | 2.23265314e-05 | 5.91876954e-04
 989   | 2.20687598e-05 | 5.88035657e-04
 990   | 2.18141129e-05 | 5.84217205e-04
 991   | 2.15625549e-05 | 5.80421479e-04
 992   | 2.13140504e-05 | 5.76648357e-04
 993   | 2.10685644e-05 | 5.72897722e-04
 994   | 2.08260621e-05 | 5.69169455e-04
 995   | 2.05865094e-05 | 5.65463438e-04
 996   | 2.03498722e-05 | 5.61779554e-04
 997   | 2.01161169e-05 | 5.58117688e-04
 998   | 1.98852105e-05 | 5.54477724e-04
 999   | 1.96571200e-05 | 5.50859547e-04
Time to run code: 12249.5933 seconds
plot save_index 999
