corner_terms_flags [[ True  True False False]
 [ True False  True False]
 [False  True False  True]
 [False False  True  True]]
corner_terms_flags [[ True  True False False]
 [ True False  True False]
 [False  True False  True]
 [False False  True  True]]
single_qubit_flags [[ True False False False]
 [False  True False False]
 [False False  True False]
 [False False False  True]]
corner_terms_flags [[ True  True False False]
 [ True False  True False]
 [False  True False  True]
 [False False  True  True]]
QOC is saving this optimization run to ./out/00001_hamil_500_2_2_2.h5.
iter   |   total error  |    grads_l2   
=========================================
  0    | 9.52190944e-01 | 7.97294710e-02
  1    | 9.49031433e-01 | 6.10293361e-02
  2    | 9.46811843e-01 | 3.94254846e-02
  3    | 9.45625004e-01 | 1.67623194e-02
  4    | 9.45391898e-01 | 4.65559571e-03
  5    | 9.45801950e-01 | 2.18041646e-02
  6    | 9.46401794e-01 | 3.34473885e-02
  7    | 9.46825649e-01 | 3.94813568e-02
  8    | 9.46928444e-01 | 4.07933129e-02
  9    | 9.46740650e-01 | 3.83771626e-02
  10   | 9.46375162e-01 | 3.30608914e-02
  11   | 9.45963206e-01 | 2.55726396e-02
  12   | 9.45618232e-01 | 1.66586275e-02
  13   | 9.45414042e-01 | 7.14220236e-03
  14   | 9.45372497e-01 | 2.18223220e-03
  15   | 9.45463684e-01 | 1.03428177e-02
  16   | 9.45621636e-01 | 1.68150954e-02
  17   | 9.45771603e-01 | 2.11736832e-02
  18   | 9.45856923e-01 | 2.32820393e-02
  19   | 9.45854036e-01 | 2.32194029e-02
  20   | 9.45772640e-01 | 2.12179385e-02
  21   | 9.45645483e-01 | 1.76175845e-02
  22   | 9.45514056e-01 | 1.28418076e-02
  23   | 9.45414783e-01 | 7.38257468e-03
  24   | 9.45368759e-01 | 1.83661527e-03
  25   | 9.45377172e-01 | 3.64136323e-03
  26   | 9.45423480e-01 | 8.09692559e-03
  27   | 9.45481364e-01 | 1.14303153e-02
  28   | 9.45525198e-01 | 1.34157530e-02
  29   | 9.45538773e-01 | 1.39898753e-02
  30   | 9.45519305e-01 | 1.32230167e-02
  31   | 9.45476109e-01 | 1.12970605e-02
  32   | 9.45425421e-01 | 8.48392599e-03
  33   | 9.45383723e-01 | 5.12785773e-03
  34   | 9.45361944e-01 | 1.70742524e-03
  35   | 9.45362339e-01 | 2.11448485e-03
  36   | 9.45378865e-01 | 4.92096628e-03
  37   | 9.45400577e-01 | 7.06247752e-03
  38   | 9.45416445e-01 | 8.31412788e-03
  39   | 9.45419527e-01 | 8.61566283e-03
  40   | 9.45408962e-01 | 8.01616772e-03
  41   | 9.45389326e-01 | 6.65865961e-03
  42   | 9.45368000e-01 | 4.76902684e-03
  43   | 9.45351859e-01 | 2.68623792e-03
  44   | 9.45344621e-01 | 1.40662023e-03
  45   | 9.45345818e-01 | 2.56121124e-03
  46   | 9.45351591e-01 | 4.08393147e-03
  47   | 9.45356755e-01 | 5.15524828e-03
  48   | 9.45357117e-01 | 5.62329981e-03
  49   | 9.45351034e-01 | 5.48140404e-03
  50   | 9.45339667e-01 | 4.81948713e-03
  51   | 9.45326014e-01 | 3.82289837e-03
  52   | 9.45313307e-01 | 2.81759238e-03
  53   | 9.45303541e-01 | 2.35985649e-03
  54   | 9.45296748e-01 | 2.77323538e-03
  55   | 9.45291229e-01 | 3.54473514e-03
  56   | 9.45284507e-01 | 4.19544406e-03
  57   | 9.45274482e-01 | 4.54476647e-03
  58   | 9.45260218e-01 | 4.57405423e-03
  59   | 9.45242079e-01 | 4.37015857e-03
  60   | 9.45221234e-01 | 4.10234843e-03
  61   | 9.45198844e-01 | 3.97667538e-03
  62   | 9.45175363e-01 | 4.12592619e-03
  63   | 9.45150247e-01 | 4.51443449e-03
  64   | 9.45122146e-01 | 4.99852543e-03
  65   | 9.45089415e-01 | 5.44999422e-03
  66   | 9.45050640e-01 | 5.81123055e-03
  67   | 9.45004919e-01 | 6.09463919e-03
  68   | 9.44951792e-01 | 6.35975284e-03
  69   | 9.44890887e-01 | 6.67876069e-03
  70   | 9.44821503e-01 | 7.10076834e-03
  71   | 9.44742305e-01 | 7.63324404e-03
  72   | 9.44651268e-01 | 8.25086403e-03
  73   | 9.44545819e-01 | 8.92045536e-03
  74   | 9.44423049e-01 | 9.62274468e-03
  75   | 9.44279837e-01 | 1.03609229e-02
  76   | 9.44112788e-01 | 1.11565659e-02
  77   | 9.43917985e-01 | 1.20385608e-02
  78   | 9.43690652e-01 | 1.30320895e-02
  79   | 9.43424820e-01 | 1.41532117e-02
  80   | 9.43113066e-01 | 1.54105229e-02
  81   | 9.42746339e-01 | 1.68111304e-02
  82   | 9.42313785e-01 | 1.83665410e-02
  83   | 9.41802512e-01 | 2.00953249e-02
  84   | 9.41197245e-01 | 2.20218979e-02
  85   | 9.40479900e-01 | 2.41727072e-02
  86   | 9.39629166e-01 | 2.65716998e-02
  87   | 9.38620226e-01 | 2.92362769e-02
  88   | 9.37424787e-01 | 3.21737163e-02
  89   | 9.36011580e-01 | 3.53771355e-02
  90   | 9.34347512e-01 | 3.88199969e-02
  91   | 9.32399667e-01 | 4.24488648e-02
  92   | 9.30138298e-01 | 4.61751689e-02
  93   | 9.27540890e-01 | 4.98676607e-02
  94   | 9.24597153e-01 | 5.33477898e-02
  95   | 9.21314565e-01 | 5.63902746e-02
  96   | 9.17723803e-01 | 5.87307152e-02
  97   | 9.13883192e-01 | 6.00812483e-02
  98   | 9.09881160e-01 | 6.01541096e-02
  99   | 9.05835707e-01 | 5.86916858e-02
 100   | 9.01889978e-01 | 5.55003648e-02
 101   | 8.98203331e-01 | 5.04843662e-02
 102   | 8.94937700e-01 | 4.36748825e-02
 103   | 8.92239808e-01 | 3.52495131e-02
 104   | 8.90220873e-01 | 2.55374841e-02
 105   | 8.88936846e-01 | 1.50098453e-02
 106   | 8.88373632e-01 | 4.32571775e-03
 107   | 8.88442631e-01 | 6.47803424e-03
 108   | 8.88990861e-01 | 1.60117000e-02
 109   | 8.89825964e-01 | 2.42782665e-02
 110   | 8.90750144e-01 | 3.09564799e-02
 111   | 8.91592447e-01 | 3.59375084e-02
 112   | 8.92229989e-01 | 3.92515521e-02
 113   | 8.92594938e-01 | 4.10095241e-02
 114   | 8.92670157e-01 | 4.13557263e-02
 115   | 8.92478737e-01 | 4.04423443e-02
 116   | 8.92071601e-01 | 3.84237362e-02
 117   | 8.91515501e-01 | 3.54613447e-02
 118   | 8.90882370e-01 | 3.17298401e-02
 119   | 8.90240425e-01 | 2.74183911e-02
 120   | 8.89647325e-01 | 2.27250278e-02
 121   | 8.89145659e-01 | 1.78456813e-02
 122   | 8.88760915e-01 | 1.29621427e-02
 123   | 8.88501819e-01 | 8.23513355e-03
 124   | 8.88362575e-01 | 3.82118217e-03
 125   | 8.88326339e-01 | 9.72912260e-04
 126   | 8.88369198e-01 | 4.13040935e-03
 127   | 8.88464113e-01 | 7.23052843e-03
 128   | 8.88584412e-01 | 9.81484395e-03
 129   | 8.88706567e-01 | 1.18478407e-02
 130   | 8.88812086e-01 | 1.33320461e-02
 131   | 8.88888422e-01 | 1.42924102e-02
 132   | 8.88929009e-01 | 1.47679462e-02
 133   | 8.88932620e-01 | 1.48036127e-02
 134   | 8.88902344e-01 | 1.44443958e-02
 135   | 8.88844414e-01 | 1.37334340e-02
 136   | 8.88767035e-01 | 1.27139729e-02
 137   | 8.88679262e-01 | 1.14329596e-02
 138   | 8.88589966e-01 | 9.94349352e-03
 139   | 8.88506936e-01 | 8.30438954e-03
 140   | 8.88436191e-01 | 6.57703903e-03
 141   | 8.88381583e-01 | 4.82159098e-03
 142   | 8.88344706e-01 | 3.09628750e-03
 143   | 8.88325079e-01 | 1.47658459e-03
 144   | 8.88320535e-01 | 5.82074165e-04
 145   | 8.88327710e-01 | 1.71331376e-03
 146   | 8.88342592e-01 | 2.92446689e-03
 147   | 8.88361058e-01 | 3.95563030e-03
 148   | 8.88379354e-01 | 4.76932705e-03
 149   | 8.88394489e-01 | 5.35212291e-03
 150   | 8.88404458e-01 | 5.70471099e-03
 151   | 8.88408319e-01 | 5.83863057e-03
 152   | 8.88406099e-01 | 5.77271100e-03
 153   | 8.88398604e-01 | 5.52971738e-03
 154   | 8.88387173e-01 | 5.13430072e-03
 155   | 8.88373416e-01 | 4.61257300e-03
 156   | 8.88358980e-01 | 3.99261754e-03
 157   | 8.88345334e-01 | 3.30481219e-03
 158   | 8.88333626e-01 | 2.58132426e-03
 159   | 8.88324585e-01 | 1.85552400e-03
 160   | 8.88318503e-01 | 1.16583984e-03
 161   | 8.88315283e-01 | 5.95882681e-04
 162   | 8.88314520e-01 | 5.14231807e-04
 163   | 8.88315608e-01 | 9.26392173e-04
 164   | 8.88317853e-01 | 1.37137398e-03
 165   | 8.88320560e-01 | 1.75397756e-03
 166   | 8.88323120e-01 | 2.05300817e-03
 167   | 8.88325063e-01 | 2.26141386e-03
 168   | 8.88326094e-01 | 2.37894439e-03
 169   | 8.88326094e-01 | 2.41032528e-03
 170   | 8.88325106e-01 | 2.36380872e-03
 171   | 8.88323295e-01 | 2.24971355e-03
 172   | 8.88320902e-01 | 2.07950997e-03
 173   | 8.88318199e-01 | 1.86606174e-03
 174   | 8.88315453e-01 | 1.62560304e-03
 175   | 8.88312881e-01 | 1.38282891e-03
 176   | 8.88310628e-01 | 1.18270301e-03
 177   | 8.88308735e-01 | 1.10830504e-03
 178   | 8.88307100e-01 | 1.26314477e-03
 179   | 8.88305420e-01 | 1.69711986e-03
 180   | 8.88303040e-01 | 2.42847998e-03
 181   | 8.88298634e-01 | 3.52523755e-03
 182   | 8.88289471e-01 | 5.13252239e-03
 183   | 8.88269837e-01 | 7.48551615e-03
 184   | 8.88227591e-01 | 1.09368816e-02
 185   | 8.88136780e-01 | 1.60045357e-02
 186   | 8.87941933e-01 | 2.34438838e-02
 187   | 8.87525317e-01 | 3.43484352e-02
 188   | 8.86641562e-01 | 5.02747299e-02
 189   | 8.84798124e-01 | 7.33547125e-02
 190   | 8.81072914e-01 | 1.06252568e-01
 191   | 8.73932511e-01 | 1.51511703e-01
 192   | 8.61278937e-01 | 2.09190868e-01
 193   | 8.41125675e-01 | 2.71747218e-01
 194   | 8.13118319e-01 | 3.18961623e-01
 195   | 7.80350866e-01 | 3.21379515e-01
 196   | 7.50233151e-01 | 2.60818469e-01
 197   | 7.32279408e-01 | 1.79277987e-01
 198   | 7.30173615e-01 | 1.98468143e-01
 199   | 7.36337640e-01 | 2.69416831e-01
 200   | 7.41379395e-01 | 3.16659706e-01
 201   | 7.41004997e-01 | 3.41252274e-01
 202   | 7.34569196e-01 | 3.54370676e-01
 203   | 7.22813702e-01 | 3.63816816e-01
 204   | 7.06651866e-01 | 3.75469502e-01
 205   | 6.86473810e-01 | 3.93692008e-01
 206   | 6.61950756e-01 | 4.18119500e-01
 207   | 6.32652838e-01 | 4.40406310e-01
 208   | 5.99124524e-01 | 4.44569073e-01
 209   | 5.63842151e-01 | 4.10930038e-01
 210   | 5.31711931e-01 | 3.24973318e-01
 211   | 5.09155055e-01 | 1.94008025e-01
 212   | 5.00987129e-01 | 1.07132845e-01
 213   | 5.06616864e-01 | 2.08160572e-01
 214   | 5.19664838e-01 | 3.21542956e-01
 215   | 5.32381549e-01 | 3.93250838e-01
 216   | 5.39876309e-01 | 4.26141048e-01
 217   | 5.40706866e-01 | 4.29617660e-01
 218   | 5.35631027e-01 | 4.10263308e-01
 219   | 5.26502577e-01 | 3.71766656e-01
 220   | 5.15618310e-01 | 3.17662674e-01
 221   | 5.05225397e-01 | 2.54459716e-01
 222   | 4.97024006e-01 | 1.94192607e-01
 223   | 4.91776330e-01 | 1.54617275e-01
 224   | 4.89260045e-01 | 1.48023205e-01
 225   | 4.88622586e-01 | 1.63550531e-01
 226   | 4.88881077e-01 | 1.82992844e-01
 227   | 4.89255263e-01 | 1.98225140e-01
 228   | 4.89247960e-01 | 2.08017686e-01
 229   | 4.88586165e-01 | 2.12973426e-01
 230   | 4.87149763e-01 | 2.13393288e-01
 231   | 4.84935185e-01 | 2.08995411e-01
 232   | 4.82042403e-01 | 1.99331970e-01
 233   | 4.78663267e-01 | 1.84243299e-01
 234   | 4.75060346e-01 | 1.64203142e-01
 235   | 4.71532383e-01 | 1.40685615e-01
 236   | 4.68364260e-01 | 1.16721745e-01
 237   | 4.65765901e-01 | 9.75665779e-02
 238   | 4.63816805e-01 | 8.97982322e-02
 239   | 4.62440321e-01 | 9.55808794e-02
 240   | 4.61424767e-01 | 1.09223351e-01
 241   | 4.60488452e-01 | 1.23437506e-01
 242   | 4.59365192e-01 | 1.33594460e-01
 243   | 4.57878819e-01 | 1.37504292e-01
 244   | 4.55982736e-01 | 1.34596199e-01
 245   | 4.53756381e-01 | 1.25466090e-01
 246   | 4.51365469e-01 | 1.11702358e-01
 247   | 4.49002428e-01 | 9.58679688e-02
 248   | 4.46827071e-01 | 8.14889317e-02
 249   | 4.44925647e-01 | 7.24853399e-02
 250   | 4.43299103e-01 | 7.10034241e-02
 251   | 4.41880281e-01 | 7.52754554e-02
 252   | 4.40569294e-01 | 8.14030392e-02
 253   | 4.39271278e-01 | 8.63199834e-02
 254   | 4.37923039e-01 | 8.85404208e-02
 255   | 4.36502483e-01 | 8.77620030e-02
 256   | 4.35022768e-01 | 8.43914813e-02
 257   | 4.33518122e-01 | 7.91849651e-02
 258   | 4.32029056e-01 | 7.29943812e-02
 259   | 4.30591984e-01 | 6.66207037e-02
 260   | 4.29234296e-01 | 6.07740704e-02
 261   | 4.27973038e-01 | 5.60910231e-02
 262   | 4.26814794e-01 | 5.30941134e-02
 263   | 4.25755608e-01 | 5.20085295e-02
 264   | 4.24781545e-01 | 5.25550493e-02
 265   | 4.23871105e-01 | 5.39812155e-02
 266   | 4.23000011e-01 | 5.53592060e-02
 267   | 4.22147357e-01 | 5.59132541e-02
 268   | 4.21300898e-01 | 5.52162371e-02
 269   | 4.20459242e-01 | 5.32580828e-02
 270   | 4.19629983e-01 | 5.04274429e-02
 271   | 4.18824605e-01 | 4.74167593e-02
 272   | 4.18052405e-01 | 4.50269305e-02
 273   | 4.17315902e-01 | 4.38682382e-02
 274   | 4.16609340e-01 | 4.40900154e-02
 275   | 4.15920270e-01 | 4.53734967e-02
 276   | 4.15232955e-01 | 4.72031699e-02
 277   | 4.14531794e-01 | 4.91552123e-02
 278   | 4.13803436e-01 | 5.10205712e-02
 279   | 4.13037174e-01 | 5.27825046e-02
 280   | 4.12224081e-01 | 5.45331997e-02
 281   | 4.11355761e-01 | 5.63927998e-02
 282   | 4.10423358e-01 | 5.84620482e-02
 283   | 4.09417087e-01 | 6.08112579e-02
 284   | 4.08326074e-01 | 6.34881859e-02
 285   | 4.07138202e-01 | 6.65238753e-02
 286   | 4.05839808e-01 | 6.99275224e-02
 287   | 4.04415331e-01 | 7.36765389e-02
 288   | 4.02847193e-01 | 7.77139088e-02
 289   | 4.01116108e-01 | 8.19591741e-02
 290   | 3.99201846e-01 | 8.63289292e-02
 291   | 3.97084224e-01 | 9.07562380e-02
 292   | 3.94744042e-01 | 9.51992895e-02
 293   | 3.92163761e-01 | 9.96356302e-02
 294   | 3.89327948e-01 | 1.04045197e-01
 295   | 3.86223705e-01 | 1.08389782e-01
 296   | 3.82841421e-01 | 1.12596944e-01
 297   | 3.79176057e-01 | 1.16553279e-01
 298   | 3.75229057e-01 | 1.20107547e-01
 299   | 3.71010698e-01 | 1.23080941e-01
 300   | 3.66542553e-01 | 1.25281086e-01
 301   | 3.61859624e-01 | 1.26517705e-01
 302   | 3.57011655e-01 | 1.26619878e-01
 303   | 3.52063172e-01 | 1.25455970e-01
 304   | 3.47091821e-01 | 1.22957073e-01
 305   | 3.42184737e-01 | 1.19143350e-01
 306   | 3.37432916e-01 | 1.14150376e-01
 307   | 3.32923938e-01 | 1.08250193e-01
 308   | 3.28733818e-01 | 1.01859087e-01
 309   | 3.24919210e-01 | 9.55209269e-02
 310   | 3.21511303e-01 | 8.98518445e-02
 311   | 3.18512675e-01 | 8.54351435e-02
 312   | 3.15897786e-01 | 8.26780851e-02
 313   | 3.13617079e-01 | 8.16872973e-02
 314   | 3.11603869e-01 | 8.22431062e-02
 315   | 3.09782679e-01 | 8.38977114e-02
 316   | 3.08077531e-01 | 8.61307092e-02
 317   | 3.06418986e-01 | 8.84743449e-02
 318   | 3.04749177e-01 | 9.05732396e-02
 319   | 3.03024641e-01 | 9.21923855e-02
 320   | 3.01217158e-01 | 9.31999879e-02
 321   | 2.99313023e-01 | 9.35441097e-02
 322   | 2.97311234e-01 | 9.32319701e-02
 323   | 2.95221025e-01 | 9.23142226e-02
 324   | 2.93059102e-01 | 9.08734635e-02
 325   | 2.90846821e-01 | 8.90152814e-02
 326   | 2.88607545e-01 | 8.68602817e-02
 327   | 2.86364316e-01 | 8.45360773e-02
 328   | 2.84137981e-01 | 8.21688663e-02
 329   | 2.81945833e-01 | 7.98747969e-02
 330   | 2.79800807e-01 | 7.77517836e-02
 331   | 2.77711203e-01 | 7.58727644e-02
 332   | 2.75680854e-01 | 7.42814785e-02
 333   | 2.73709662e-01 | 7.29915887e-02
 334   | 2.71794364e-01 | 7.19893557e-02
 335   | 2.69929417e-01 | 7.12392649e-02
 336   | 2.68107904e-01 | 7.06913500e-02
 337   | 2.66322367e-01 | 7.02887403e-02
 338   | 2.64565515e-01 | 6.99742241e-02
 339   | 2.62830770e-01 | 6.96951896e-02
 340   | 2.61112653e-01 | 6.94068659e-02
 341   | 2.59406999e-01 | 6.90741479e-02
 342   | 2.57711034e-01 | 6.86723884e-02
 343   | 2.56023327e-01 | 6.81874532e-02
 344   | 2.54343651e-01 | 6.76151926e-02
 345   | 2.52672764e-01 | 6.69603819e-02
 346   | 2.51012153e-01 | 6.62351742e-02
 347   | 2.49363751e-01 | 6.54571742e-02
 348   | 2.47729676e-01 | 6.46473266e-02
 349   | 2.46111978e-01 | 6.38278553e-02
 350   | 2.44512449e-01 | 6.30204645e-02
 351   | 2.42932470e-01 | 6.22449251e-02
 352   | 2.41372925e-01 | 6.15180695e-02
 353   | 2.39834155e-01 | 6.08531444e-02
 354   | 2.38315962e-01 | 6.02594547e-02
 355   | 2.36817653e-01 | 5.97422587e-02
 356   | 2.35338100e-01 | 5.93029119e-02
 357   | 2.33875833e-01 | 5.89392633e-02
 358   | 2.32429131e-01 | 5.86462847e-02
 359   | 2.30996127e-01 | 5.84168614e-02
 360   | 2.29574897e-01 | 5.82426356e-02
 361   | 2.28163548e-01 | 5.81147906e-02
 362   | 2.26760282e-01 | 5.80246908e-02
 363   | 2.25363448e-01 | 5.79643455e-02
 364   | 2.23971579e-01 | 5.79267027e-02
 365   | 2.22583405e-01 | 5.79058089e-02
 366   | 2.21197859e-01 | 5.78968655e-02
 367   | 2.19814072e-01 | 5.78962085e-02
 368   | 2.18431351e-01 | 5.79012230e-02
 369   | 2.17049163e-01 | 5.79102045e-02
 370   | 2.15667106e-01 | 5.79221821e-02
 371   | 2.14284882e-01 | 5.79367223e-02
 372   | 2.12902274e-01 | 5.79537385e-02
 373   | 2.11519119e-01 | 5.79733214e-02
 374   | 2.10135293e-01 | 5.79956051e-02
 375   | 2.08750695e-01 | 5.80206708e-02
 376   | 2.07365234e-01 | 5.80484893e-02
 377   | 2.05978826e-01 | 5.80788976e-02
 378   | 2.04591389e-01 | 5.81116076e-02
 379   | 2.03202842e-01 | 5.81462390e-02
 380   | 2.01813109e-01 | 5.81823697e-02
 381   | 2.00422115e-01 | 5.82195942e-02
 382   | 1.99029793e-01 | 5.82575800e-02
 383   | 1.97636083e-01 | 5.82961143e-02
 384   | 1.96240933e-01 | 5.83351364e-02
 385   | 1.94844296e-01 | 5.83747539e-02
 386   | 1.93446127e-01 | 5.84152427e-02
 387   | 1.92046387e-01 | 5.84570324e-02
 388   | 1.90645031e-01 | 5.85006767e-02
 389   | 1.89242009e-01 | 5.85468120e-02
 390   | 1.87837263e-01 | 5.85961071e-02
 391   | 1.86430721e-01 | 5.86492092e-02
 392   | 1.85022298e-01 | 5.87066923e-02
 393   | 1.83611891e-01 | 5.87690154e-02
 394   | 1.82199381e-01 | 5.88364945e-02
 395   | 1.80784632e-01 | 5.89092897e-02
 396   | 1.79367495e-01 | 5.89874089e-02
 397   | 1.77947806e-01 | 5.90707229e-02
 398   | 1.76525389e-01 | 5.91589895e-02
 399   | 1.75100063e-01 | 5.92518833e-02
 400   | 1.73671638e-01 | 5.93490263e-02
 401   | 1.72239921e-01 | 5.94500176e-02
 402   | 1.70804717e-01 | 5.95544589e-02
 403   | 1.69365832e-01 | 5.96619749e-02
 404   | 1.67923072e-01 | 5.97722263e-02
 405   | 1.66476243e-01 | 5.98849149e-02
 406   | 1.65025156e-01 | 5.99997829e-02
 407   | 1.63569625e-01 | 6.01166062e-02
 408   | 1.62109466e-01 | 6.02351835e-02
 409   | 1.60644500e-01 | 6.03553252e-02
 410   | 1.59174552e-01 | 6.04768412e-02
 411   | 1.57699452e-01 | 6.05995319e-02
 412   | 1.56219038e-01 | 6.07231807e-02
 413   | 1.54733153e-01 | 6.08475513e-02
 414   | 1.53241650e-01 | 6.09723866e-02
 415   | 1.51744390e-01 | 6.10974111e-02
 416   | 1.50241246e-01 | 6.12223345e-02
 417   | 1.48732104e-01 | 6.13468555e-02
 418   | 1.47216860e-01 | 6.14706647e-02
 419   | 1.45695430e-01 | 6.15934469e-02
 420   | 1.44167741e-01 | 6.17148812e-02
 421   | 1.42633738e-01 | 6.18346395e-02
 422   | 1.41093385e-01 | 6.19523843e-02
 423   | 1.39546663e-01 | 6.20677656e-02
 424   | 1.37993574e-01 | 6.21804182e-02
 425   | 1.36434138e-01 | 6.22899598e-02
 426   | 1.34868396e-01 | 6.23959890e-02
 427   | 1.33296413e-01 | 6.24980862e-02
 428   | 1.31718275e-01 | 6.25958146e-02
 429   | 1.30134089e-01 | 6.26887228e-02
 430   | 1.28543991e-01 | 6.27763485e-02
 431   | 1.26948135e-01 | 6.28582225e-02
 432   | 1.25346706e-01 | 6.29338723e-02
 433   | 1.23739911e-01 | 6.30028264e-02
 434   | 1.22127984e-01 | 6.30646168e-02
 435   | 1.20511186e-01 | 6.31187821e-02
 436   | 1.18889802e-01 | 6.31648691e-02
 437   | 1.17264144e-01 | 6.32024347e-02
 438   | 1.15634552e-01 | 6.32310464e-02
 439   | 1.14001389e-01 | 6.32502842e-02
 440   | 1.12365046e-01 | 6.32597405e-02
 441   | 1.10725935e-01 | 6.32590218e-02
 442   | 1.09084495e-01 | 6.32477486e-02
 443   | 1.07441187e-01 | 6.32255570e-02
 444   | 1.05796496e-01 | 6.31920982e-02
 445   | 1.04150927e-01 | 6.31470396e-02
 446   | 1.02505006e-01 | 6.30900646e-02
 447   | 1.00859281e-01 | 6.30208727e-02
 448   | 9.92143149e-02 | 6.29391790e-02
 449   | 9.75706910e-02 | 6.28447142e-02
 450   | 9.59290079e-02 | 6.27372244e-02
 451   | 9.42898792e-02 | 6.26164706e-02
 452   | 9.26539325e-02 | 6.24822296e-02
 453   | 9.10218078e-02 | 6.23342938e-02
 454   | 8.93941561e-02 | 6.21724719e-02
 455   | 8.77716381e-02 | 6.19965902e-02
 456   | 8.61549226e-02 | 6.18064927e-02
 457   | 8.45446852e-02 | 6.16020426e-02
 458   | 8.29416066e-02 | 6.13831230e-02
 459   | 8.13463714e-02 | 6.11496371e-02
 460   | 7.97596665e-02 | 6.09015091e-02
 461   | 7.81821793e-02 | 6.06386841e-02
 462   | 7.66145966e-02 | 6.03611287e-02
 463   | 7.50576029e-02 | 6.00688304e-02
 464   | 7.35118788e-02 | 5.97617986e-02
 465   | 7.19780998e-02 | 5.94400640e-02
 466   | 7.04569342e-02 | 5.91036798e-02
 467   | 6.89490421e-02 | 5.87527219e-02
 468   | 6.74550736e-02 | 5.83872895e-02
 469   | 6.59756675e-02 | 5.80075064e-02
 470   | 6.45114494e-02 | 5.76135218e-02
 471   | 6.30630308e-02 | 5.72055108e-02
 472   | 6.16310067e-02 | 5.67836760e-02
 473   | 6.02159553e-02 | 5.63482475e-02
 474   | 5.88184354e-02 | 5.58994837e-02
 475   | 5.74389857e-02 | 5.54376720e-02
 476   | 5.60781233e-02 | 5.49631287e-02
 477   | 5.47363420e-02 | 5.44761990e-02
 478   | 5.34141115e-02 | 5.39772575e-02
 479   | 5.21118758e-02 | 5.34667077e-02
 480   | 5.08300519e-02 | 5.29449818e-02
 481   | 4.95690293e-02 | 5.24125406e-02
 482   | 4.83291681e-02 | 5.18698725e-02
 483   | 4.71107987e-02 | 5.13174936e-02
 484   | 4.59142205e-02 | 5.07559462e-02
 485   | 4.47397016e-02 | 5.01857976e-02
 486   | 4.35874775e-02 | 4.96076395e-02
 487   | 4.24577512e-02 | 4.90220855e-02
 488   | 4.13506922e-02 | 4.84297697e-02
 489   | 4.02664366e-02 | 4.78313446e-02
 490   | 3.92050869e-02 | 4.72274787e-02
 491   | 3.81667116e-02 | 4.66188541e-02
 492   | 3.71513459e-02 | 4.60061638e-02
 493   | 3.61589914e-02 | 4.53901095e-02
 494   | 3.51896168e-02 | 4.47713983e-02
 495   | 3.42431583e-02 | 4.41507400e-02
 496   | 3.33195204e-02 | 4.35288445e-02
 497   | 3.24185765e-02 | 4.29064188e-02
 498   | 3.15401700e-02 | 4.22841640e-02
 499   | 3.06841153e-02 | 4.16627725e-02
 500   | 2.98501989e-02 | 4.10429248e-02
 501   | 2.90381807e-02 | 4.04252873e-02
 502   | 2.82477954e-02 | 3.98105091e-02
 503   | 2.74787540e-02 | 3.91992193e-02
 504   | 2.67307450e-02 | 3.85920249e-02
 505   | 2.60034364e-02 | 3.79895078e-02
 506   | 2.52964773e-02 | 3.73922235e-02
 507   | 2.46094992e-02 | 3.68006982e-02
 508   | 2.39421180e-02 | 3.62154276e-02
 509   | 2.32939360e-02 | 3.56368753e-02
 510   | 2.26645428e-02 | 3.50654710e-02
 511   | 2.20535180e-02 | 3.45016098e-02
 512   | 2.14604322e-02 | 3.39456513e-02
 513   | 2.08848490e-02 | 3.33979187e-02
 514   | 2.03263265e-02 | 3.28586987e-02
 515   | 1.97844190e-02 | 3.23282412e-02
 516   | 1.92586784e-02 | 3.18067596e-02
 517   | 1.87486558e-02 | 3.12944310e-02
 518   | 1.82539028e-02 | 3.07913971e-02
 519   | 1.77739729e-02 | 3.02977649e-02
 520   | 1.73084224e-02 | 2.98136079e-02
 521   | 1.68568121e-02 | 2.93389673e-02
 522   | 1.64187081e-02 | 2.88738537e-02
 523   | 1.59936825e-02 | 2.84182484e-02
 524   | 1.55813148e-02 | 2.79721053e-02
 525   | 1.51811920e-02 | 2.75353528e-02
 526   | 1.47929103e-02 | 2.71078958e-02
 527   | 1.44160744e-02 | 2.66896173e-02
 528   | 1.40502994e-02 | 2.62803811e-02
 529   | 1.36952100e-02 | 2.58800331e-02
 530   | 1.33504417e-02 | 2.54884039e-02
 531   | 1.30156407e-02 | 2.51053105e-02
 532   | 1.26904642e-02 | 2.47305587e-02
 533   | 1.23745804e-02 | 2.43639444e-02
 534   | 1.20676688e-02 | 2.40052560e-02
 535   | 1.17694201e-02 | 2.36542760e-02
 536   | 1.14795359e-02 | 2.33107826e-02
 537   | 1.11977292e-02 | 2.29745514e-02
 538   | 1.09237235e-02 | 2.26453567e-02
 539   | 1.06572533e-02 | 2.23229729e-02
 540   | 1.03980635e-02 | 2.20071760e-02
 541   | 1.01459093e-02 | 2.16977441e-02
 542   | 9.90055585e-03 | 2.13944589e-02
 543   | 9.66177807e-03 | 2.10971066e-02
 544   | 9.42936021e-03 | 2.08054780e-02
 545   | 9.20309561e-03 | 2.05193700e-02
 546   | 8.98278636e-03 | 2.02385854e-02
 547   | 8.76824296e-03 | 1.99629338e-02
 548   | 8.55928398e-03 | 1.96922316e-02
 549   | 8.35573569e-03 | 1.94263026e-02
 550   | 8.15743176e-03 | 1.91649778e-02
 551   | 7.96421289e-03 | 1.89080958e-02
 552   | 7.77592652e-03 | 1.86555027e-02
 553   | 7.59242643e-03 | 1.84070519e-02
 554   | 7.41357248e-03 | 1.81626046e-02
 555   | 7.23923030e-03 | 1.79220289e-02
 556   | 7.06927094e-03 | 1.76852004e-02
 557   | 6.90357063e-03 | 1.74520015e-02
 558   | 6.74201051e-03 | 1.72223214e-02
 559   | 6.58447628e-03 | 1.69960558e-02
 560   | 6.43085806e-03 | 1.67731070e-02
 561   | 6.28105007e-03 | 1.65533828e-02
 562   | 6.13495042e-03 | 1.63367971e-02
 563   | 5.99246089e-03 | 1.61232693e-02
 564   | 5.85348674e-03 | 1.59127238e-02
 565   | 5.71793651e-03 | 1.57050900e-02
 566   | 5.58572181e-03 | 1.55003019e-02
 567   | 5.45675718e-03 | 1.52982978e-02
 568   | 5.33095994e-03 | 1.50990202e-02
 569   | 5.20824999e-03 | 1.49024152e-02
 570   | 5.08854972e-03 | 1.47084326e-02
 571   | 4.97178385e-03 | 1.45170252e-02
 572   | 4.85787934e-03 | 1.43281492e-02
 573   | 4.74676523e-03 | 1.41417631e-02
 574   | 4.63837257e-03 | 1.39578283e-02
 575   | 4.53263433e-03 | 1.37763083e-02
 576   | 4.42948529e-03 | 1.35971687e-02
 577   | 4.32886196e-03 | 1.34203769e-02
 578   | 4.23070250e-03 | 1.32459023e-02
 579   | 4.13494669e-03 | 1.30737154e-02
 580   | 4.04153578e-03 | 1.29037883e-02
 581   | 3.95041254e-03 | 1.27360942e-02
 582   | 3.86152112e-03 | 1.25706074e-02
 583   | 3.77480701e-03 | 1.24073030e-02
 584   | 3.69021705e-03 | 1.22461569e-02
 585   | 3.60769932e-03 | 1.20871460e-02
 586   | 3.52720312e-03 | 1.19302473e-02
 587   | 3.44867897e-03 | 1.17754386e-02
 588   | 3.37207853e-03 | 1.16226980e-02
 589   | 3.29735456e-03 | 1.14720040e-02
 590   | 3.22446095e-03 | 1.13233354e-02
 591   | 3.15335263e-03 | 1.11766710e-02
 592   | 3.08398559e-03 | 1.10319902e-02
 593   | 3.01631681e-03 | 1.08892721e-02
 594   | 2.95030428e-03 | 1.07484961e-02
 595   | 2.88590694e-03 | 1.06096417e-02
 596   | 2.82308471e-03 | 1.04726885e-02
 597   | 2.76179839e-03 | 1.03376159e-02
 598   | 2.70200974e-03 | 1.02044036e-02
 599   | 2.64368138e-03 | 1.00730311e-02
 600   | 2.58677679e-03 | 9.94347797e-03
 601   | 2.53126034e-03 | 9.81572391e-03
 602   | 2.47709721e-03 | 9.68974848e-03
 603   | 2.42425342e-03 | 9.56553129e-03
 604   | 2.37269577e-03 | 9.44305199e-03
 605   | 2.32239187e-03 | 9.32229022e-03
 606   | 2.27331010e-03 | 9.20322566e-03
 607   | 2.22541960e-03 | 9.08583801e-03
 608   | 2.17869024e-03 | 8.97010703e-03
 609   | 2.13309262e-03 | 8.85601254e-03
 610   | 2.08859807e-03 | 8.74353438e-03
 611   | 2.04517862e-03 | 8.63265251e-03
 612   | 2.00280695e-03 | 8.52334693e-03
 613   | 1.96145645e-03 | 8.41559776e-03
 614   | 1.92110116e-03 | 8.30938521e-03
 615   | 1.88171573e-03 | 8.20468958e-03
 616   | 1.84327548e-03 | 8.10149131e-03
 617   | 1.80575632e-03 | 7.99977095e-03
 618   | 1.76913478e-03 | 7.89950920e-03
 619   | 1.73338796e-03 | 7.80068689e-03
 620   | 1.69849354e-03 | 7.70328500e-03
 621   | 1.66442979e-03 | 7.60728466e-03
 622   | 1.63117548e-03 | 7.51266715e-03
 623   | 1.59870997e-03 | 7.41941394e-03
 624   | 1.56701310e-03 | 7.32750666e-03
 625   | 1.53606526e-03 | 7.23692710e-03
 626   | 1.50584731e-03 | 7.14765723e-03
 627   | 1.47634063e-03 | 7.05967922e-03
 628   | 1.44752704e-03 | 6.97297541e-03
 629   | 1.41938886e-03 | 6.88752833e-03
 630   | 1.39190885e-03 | 6.80332068e-03
 631   | 1.36507022e-03 | 6.72033539e-03
 632   | 1.33885660e-03 | 6.63855554e-03
 633   | 1.31325206e-03 | 6.55796443e-03
 634   | 1.28824106e-03 | 6.47854553e-03
 635   | 1.26380848e-03 | 6.40028253e-03
 636   | 1.23993960e-03 | 6.32315929e-03
 637   | 1.21662005e-03 | 6.24715987e-03
 638   | 1.19383586e-03 | 6.17226851e-03
 639   | 1.17157340e-03 | 6.09846967e-03
 640   | 1.14981943e-03 | 6.02574797e-03
 641   | 1.12856102e-03 | 5.95408823e-03
 642   | 1.10778559e-03 | 5.88347546e-03
 643   | 1.08748089e-03 | 5.81389484e-03
 644   | 1.06763498e-03 | 5.74533177e-03
 645   | 1.04823624e-03 | 5.67777179e-03
 646   | 1.02927334e-03 | 5.61120064e-03
 647   | 1.01073527e-03 | 5.54560425e-03
 648   | 9.92611283e-04 | 5.48096872e-03
 649   | 9.74890922e-04 | 5.41728032e-03
 650   | 9.57564004e-04 | 5.35452550e-03
 651   | 9.40620611e-04 | 5.29269086e-03
 652   | 9.24051082e-04 | 5.23176321e-03
 653   | 9.07846010e-04 | 5.17172950e-03
 654   | 8.91996234e-04 | 5.11257684e-03
 655   | 8.76492833e-04 | 5.05429253e-03
 656   | 8.61327116e-04 | 4.99686399e-03
 657   | 8.46490623e-04 | 4.94027884e-03
 658   | 8.31975112e-04 | 4.88452483e-03
 659   | 8.17772559e-04 | 4.82958988e-03
 660   | 8.03875149e-04 | 4.77546204e-03
 661   | 7.90275270e-04 | 4.72212954e-03
 662   | 7.76965511e-04 | 4.66958073e-03
 663   | 7.63938653e-04 | 4.61780413e-03
 664   | 7.51187668e-04 | 4.56678838e-03
 665   | 7.38705710e-04 | 4.51652227e-03
 666   | 7.26486112e-04 | 4.46699474e-03
 667   | 7.14522383e-04 | 4.41819486e-03
 668   | 7.02808201e-04 | 4.37011183e-03
 669   | 6.91337409e-04 | 4.32273499e-03
 670   | 6.80104011e-04 | 4.27605381e-03
 671   | 6.69102169e-04 | 4.23005790e-03
 672   | 6.58326196e-04 | 4.18473697e-03
 673   | 6.47770555e-04 | 4.14008089e-03
 674   | 6.37429854e-04 | 4.09607963e-03
 675   | 6.27298841e-04 | 4.05272330e-03
 676   | 6.17372402e-04 | 4.01000213e-03
 677   | 6.07645558e-04 | 3.96790645e-03
 678   | 5.98113457e-04 | 3.92642674e-03
 679   | 5.88771378e-04 | 3.88555358e-03
 680   | 5.79614720e-04 | 3.84527765e-03
 681   | 5.70639004e-04 | 3.80558979e-03
 682   | 5.61839868e-04 | 3.76648090e-03
 683   | 5.53213064e-04 | 3.72794203e-03
 684   | 5.44754455e-04 | 3.68996433e-03
 685   | 5.36460011e-04 | 3.65253906e-03
 686   | 5.28325810e-04 | 3.61565758e-03
 687   | 5.20348030e-04 | 3.57931138e-03
 688   | 5.12522951e-04 | 3.54349202e-03
 689   | 5.04846947e-04 | 3.50819121e-03
 690   | 4.97316489e-04 | 3.47340073e-03
 691   | 4.89928142e-04 | 3.43911248e-03
 692   | 4.82678555e-04 | 3.40531845e-03
 693   | 4.75564471e-04 | 3.37201075e-03
 694   | 4.68582713e-04 | 3.33918159e-03
 695   | 4.61730190e-04 | 3.30682326e-03
 696   | 4.55003889e-04 | 3.27492816e-03
 697   | 4.48400878e-04 | 3.24348880e-03
 698   | 4.41918299e-04 | 3.21249777e-03
 699   | 4.35553371e-04 | 3.18194777e-03
 700   | 4.29303383e-04 | 3.15183159e-03
 701   | 4.23165696e-04 | 3.12214212e-03
 702   | 4.17137739e-04 | 3.09287234e-03
 703   | 4.11217008e-04 | 3.06401533e-03
 704   | 4.05401065e-04 | 3.03556426e-03
 705   | 3.99687534e-04 | 3.00751238e-03
 706   | 3.94074100e-04 | 2.97985306e-03
 707   | 3.88558509e-04 | 2.95257975e-03
 708   | 3.83138567e-04 | 2.92568597e-03
 709   | 3.77812134e-04 | 2.89916536e-03
 710   | 3.72577127e-04 | 2.87301164e-03
 711   | 3.67431517e-04 | 2.84721861e-03
 712   | 3.62373326e-04 | 2.82178016e-03
 713   | 3.57400628e-04 | 2.79669028e-03
 714   | 3.52511547e-04 | 2.77194303e-03
 715   | 3.47704254e-04 | 2.74753257e-03
 716   | 3.42976970e-04 | 2.72345314e-03
 717   | 3.38327957e-04 | 2.69969907e-03
 718   | 3.33755527e-04 | 2.67626476e-03
 719   | 3.29258030e-04 | 2.65314470e-03
 720   | 3.24833863e-04 | 2.63033348e-03
 721   | 3.20481461e-04 | 2.60782574e-03
 722   | 3.16199300e-04 | 2.58561623e-03
 723   | 3.11985895e-04 | 2.56369977e-03
 724   | 3.07839799e-04 | 2.54207126e-03
 725   | 3.03759601e-04 | 2.52072567e-03
 726   | 2.99743926e-04 | 2.49965806e-03
 727   | 2.95791435e-04 | 2.47886358e-03
 728   | 2.91900823e-04 | 2.45833742e-03
 729   | 2.88070815e-04 | 2.43807489e-03
 730   | 2.84300172e-04 | 2.41807135e-03
 731   | 2.80587684e-04 | 2.39832223e-03
 732   | 2.76932173e-04 | 2.37882306e-03
 733   | 2.73332489e-04 | 2.35956941e-03
 734   | 2.69787511e-04 | 2.34055696e-03
 735   | 2.66296148e-04 | 2.32178144e-03
 736   | 2.62857333e-04 | 2.30323865e-03
 737   | 2.59470029e-04 | 2.28492447e-03
 738   | 2.56133223e-04 | 2.26683485e-03
 739   | 2.52845927e-04 | 2.24896580e-03
 740   | 2.49607178e-04 | 2.23131340e-03
 741   | 2.46416036e-04 | 2.21387381e-03
 742   | 2.43271585e-04 | 2.19664324e-03
 743   | 2.40172932e-04 | 2.17961798e-03
 744   | 2.37119205e-04 | 2.16279439e-03
 745   | 2.34109552e-04 | 2.14616887e-03
 746   | 2.31143145e-04 | 2.12973791e-03
 747   | 2.28219174e-04 | 2.11349804e-03
 748   | 2.25336849e-04 | 2.09744588e-03
 749   | 2.22495399e-04 | 2.08157809e-03
 750   | 2.19694071e-04 | 2.06589139e-03
 751   | 2.16932132e-04 | 2.05038258e-03
 752   | 2.14208865e-04 | 2.03504850e-03
 753   | 2.11523570e-04 | 2.01988605e-03
 754   | 2.08875565e-04 | 2.00489220e-03
 755   | 2.06264184e-04 | 1.99006398e-03
 756   | 2.03688774e-04 | 1.97539845e-03
 757   | 2.01148701e-04 | 1.96089275e-03
 758   | 1.98643344e-04 | 1.94654406e-03
 759   | 1.96172097e-04 | 1.93234963e-03
 760   | 1.93734369e-04 | 1.91830674e-03
 761   | 1.91329580e-04 | 1.90441275e-03
 762   | 1.88957166e-04 | 1.89066505e-03
 763   | 1.86616576e-04 | 1.87706109e-03
 764   | 1.84307270e-04 | 1.86359837e-03
 765   | 1.82028720e-04 | 1.85027443e-03
 766   | 1.79780414e-04 | 1.83708688e-03
 767   | 1.77561847e-04 | 1.82403335e-03
 768   | 1.75372527e-04 | 1.81111154e-03
 769   | 1.73211973e-04 | 1.79831918e-03
 770   | 1.71079717e-04 | 1.78565406e-03
 771   | 1.68975297e-04 | 1.77311400e-03
 772   | 1.66898266e-04 | 1.76069689e-03
 773   | 1.64848182e-04 | 1.74840062e-03
 774   | 1.62824617e-04 | 1.73622316e-03
 775   | 1.60827149e-04 | 1.72416251e-03
 776   | 1.58855368e-04 | 1.71221671e-03
 777   | 1.56908872e-04 | 1.70038383e-03
 778   | 1.54987266e-04 | 1.68866201e-03
 779   | 1.53090164e-04 | 1.67704940e-03
 780   | 1.51217191e-04 | 1.66554420e-03
 781   | 1.49367976e-04 | 1.65414464e-03
 782   | 1.47542159e-04 | 1.64284901e-03
 783   | 1.45739384e-04 | 1.63165559e-03
 784   | 1.43959307e-04 | 1.62056275e-03
 785   | 1.42201588e-04 | 1.60956886e-03
 786   | 1.40465893e-04 | 1.59867234e-03
 787   | 1.38751899e-04 | 1.58787163e-03
 788   | 1.37059285e-04 | 1.57716521e-03
 789   | 1.35387739e-04 | 1.56655161e-03
 790   | 1.33736956e-04 | 1.55602935e-03
 791   | 1.32106635e-04 | 1.54559702e-03
 792   | 1.30496481e-04 | 1.53525323e-03
 793   | 1.28906207e-04 | 1.52499661e-03
 794   | 1.27335531e-04 | 1.51482583e-03
 795   | 1.25784173e-04 | 1.50473958e-03
 796   | 1.24251864e-04 | 1.49473659e-03
 797   | 1.22738336e-04 | 1.48481560e-03
 798   | 1.21243328e-04 | 1.47497540e-03
 799   | 1.19766583e-04 | 1.46521479e-03
 800   | 1.18307850e-04 | 1.45553259e-03
 801   | 1.16866881e-04 | 1.44592767e-03
 802   | 1.15443435e-04 | 1.43639890e-03
 803   | 1.14037272e-04 | 1.42694520e-03
 804   | 1.12648161e-04 | 1.41756548e-03
 805   | 1.11275870e-04 | 1.40825870e-03
 806   | 1.09920176e-04 | 1.39902384e-03
 807   | 1.08580857e-04 | 1.38985988e-03
 808   | 1.07257696e-04 | 1.38076587e-03
 809   | 1.05950479e-04 | 1.37174082e-03
 810   | 1.04658997e-04 | 1.36278380e-03
 811   | 1.03383044e-04 | 1.35389390e-03
 812   | 1.02122418e-04 | 1.34507022e-03
 813   | 1.00876920e-04 | 1.33631188e-03
 814   | 9.96463540e-05 | 1.32761801e-03
 815   | 9.84305281e-05 | 1.31898778e-03
 816   | 9.72292534e-05 | 1.31042037e-03
 817   | 9.60423443e-05 | 1.30191498e-03
 818   | 9.48696179e-05 | 1.29347080e-03
 819   | 9.37108946e-05 | 1.28508708e-03
 820   | 9.25659977e-05 | 1.27676306e-03
 821   | 9.14347534e-05 | 1.26849801e-03
 822   | 9.03169905e-05 | 1.26029120e-03
 823   | 8.92125408e-05 | 1.25214192e-03
 824   | 8.81212387e-05 | 1.24404950e-03
 825   | 8.70429210e-05 | 1.23601324e-03
 826   | 8.59774274e-05 | 1.22803250e-03
 827   | 8.49245998e-05 | 1.22010662e-03
 828   | 8.38842828e-05 | 1.21223497e-03
 829   | 8.28563231e-05 | 1.20441693e-03
 830   | 8.18405700e-05 | 1.19665190e-03
 831   | 8.08368749e-05 | 1.18893928e-03
 832   | 7.98450916e-05 | 1.18127849e-03
 833   | 7.88650758e-05 | 1.17366896e-03
 834   | 7.78966857e-05 | 1.16611014e-03
 835   | 7.69397812e-05 | 1.15860148e-03
 836   | 7.59942246e-05 | 1.15114244e-03
 837   | 7.50598800e-05 | 1.14373250e-03
 838   | 7.41366134e-05 | 1.13637116e-03
 839   | 7.32242929e-05 | 1.12905791e-03
 840   | 7.23227884e-05 | 1.12179226e-03
 841   | 7.14319716e-05 | 1.11457372e-03
 842   | 7.05517159e-05 | 1.10740184e-03
 843   | 6.96818968e-05 | 1.10027614e-03
 844   | 6.88223912e-05 | 1.09319617e-03
 845   | 6.79730777e-05 | 1.08616149e-03
 846   | 6.71338368e-05 | 1.07917167e-03
 847   | 6.63045504e-05 | 1.07222628e-03
 848   | 6.54851021e-05 | 1.06532490e-03
 849   | 6.46753771e-05 | 1.05846713e-03
 850   | 6.38752619e-05 | 1.05165256e-03
 851   | 6.30846448e-05 | 1.04488080e-03
 852   | 6.23034154e-05 | 1.03815146e-03
 853   | 6.15314648e-05 | 1.03146417e-03
 854   | 6.07686854e-05 | 1.02481856e-03
 855   | 6.00149712e-05 | 1.01821426e-03
 856   | 5.92702174e-05 | 1.01165091e-03
 857   | 5.85343207e-05 | 1.00512816e-03
 858   | 5.78071789e-05 | 9.98645678e-04
 859   | 5.70886912e-05 | 9.92203117e-04
 860   | 5.63787582e-05 | 9.85800146e-04
 861   | 5.56772815e-05 | 9.79436442e-04
 862   | 5.49841640e-05 | 9.73111685e-04
 863   | 5.42993100e-05 | 9.66825560e-04
 864   | 5.36226248e-05 | 9.60577761e-04
 865   | 5.29540148e-05 | 9.54367984e-04
 866   | 5.22933877e-05 | 9.48195932e-04
 867   | 5.16406523e-05 | 9.42061313e-04
 868   | 5.09957184e-05 | 9.35963840e-04
 869   | 5.03584970e-05 | 9.29903230e-04
 870   | 4.97289000e-05 | 9.23879205e-04
 871   | 4.91068406e-05 | 9.17891494e-04
 872   | 4.84922330e-05 | 9.11939827e-04
 873   | 4.78849921e-05 | 9.06023940e-04
 874   | 4.72850341e-05 | 9.00143575e-04
 875   | 4.66922762e-05 | 8.94298475e-04
 876   | 4.61066365e-05 | 8.88488389e-04
 877   | 4.55280338e-05 | 8.82713069e-04
 878   | 4.49563884e-05 | 8.76972273e-04
 879   | 4.43916210e-05 | 8.71265760e-04
 880   | 4.38336535e-05 | 8.65593293e-04
 881   | 4.32824086e-05 | 8.59954641e-04
 882   | 4.27378099e-05 | 8.54349574e-04
 883   | 4.21997820e-05 | 8.48777866e-04
 884   | 4.16682500e-05 | 8.43239296e-04
 885   | 4.11431403e-05 | 8.37733643e-04
 886   | 4.06243799e-05 | 8.32260692e-04
 887   | 4.01118966e-05 | 8.26820229e-04
 888   | 3.96056191e-05 | 8.21412045e-04
 889   | 3.91054769e-05 | 8.16035932e-04
 890   | 3.86114001e-05 | 8.10691686e-04
 891   | 3.81233199e-05 | 8.05379104e-04
 892   | 3.76411681e-05 | 8.00097990e-04
 893   | 3.71648772e-05 | 7.94848145e-04
 894   | 3.66943806e-05 | 7.89629375e-04
 895   | 3.62296123e-05 | 7.84441491e-04
 896   | 3.57705071e-05 | 7.79284302e-04
 897   | 3.53170005e-05 | 7.74157622e-04
 898   | 3.48690287e-05 | 7.69061266e-04
 899   | 3.44265287e-05 | 7.63995054e-04
 900   | 3.39894380e-05 | 7.58958803e-04
 901   | 3.35576949e-05 | 7.53952338e-04
 902   | 3.31312385e-05 | 7.48975482e-04
 903   | 3.27100084e-05 | 7.44028060e-04
 904   | 3.22939448e-05 | 7.39109903e-04
 905   | 3.18829887e-05 | 7.34220838e-04
 906   | 3.14770817e-05 | 7.29360700e-04
 907   | 3.10761660e-05 | 7.24529321e-04
 908   | 3.06801845e-05 | 7.19726536e-04
 909   | 3.02890807e-05 | 7.14952184e-04
 910   | 2.99027986e-05 | 7.10206104e-04
 911   | 2.95212829e-05 | 7.05488135e-04
 912   | 2.91444790e-05 | 7.00798120e-04
 913   | 2.87723326e-05 | 6.96135903e-04
 914   | 2.84047904e-05 | 6.91501329e-04
 915   | 2.80417992e-05 | 6.86894245e-04
 916   | 2.76833068e-05 | 6.82314499e-04
 917   | 2.73292612e-05 | 6.77761941e-04
 918   | 2.69796114e-05 | 6.73236423e-04
 919   | 2.66343064e-05 | 6.68737795e-04
 920   | 2.62932962e-05 | 6.64265913e-04
 921   | 2.59565312e-05 | 6.59820631e-04
 922   | 2.56239622e-05 | 6.55401805e-04
 923   | 2.52955408e-05 | 6.51009294e-04
 924   | 2.49712187e-05 | 6.46642954e-04
 925   | 2.46509486e-05 | 6.42302648e-04
 926   | 2.43346835e-05 | 6.37988235e-04
 927   | 2.40223767e-05 | 6.33699578e-04
 928   | 2.37139823e-05 | 6.29436540e-04
 929   | 2.34094548e-05 | 6.25198985e-04
 930   | 2.31087492e-05 | 6.20986779e-04
 931   | 2.28118209e-05 | 6.16799788e-04
 932   | 2.25186258e-05 | 6.12637879e-04
 933   | 2.22291204e-05 | 6.08500922e-04
 934   | 2.19432616e-05 | 6.04388785e-04
 935   | 2.16610066e-05 | 6.00301338e-04
 936   | 2.13823133e-05 | 5.96238453e-04
 937   | 2.11071400e-05 | 5.92200002e-04
 938   | 2.08354454e-05 | 5.88185858e-04
 939   | 2.05671885e-05 | 5.84195895e-04
 940   | 2.03023291e-05 | 5.80229988e-04
 941   | 2.00408271e-05 | 5.76288011e-04
 942   | 1.97826429e-05 | 5.72369842e-04
 943   | 1.95277376e-05 | 5.68475358e-04
 944   | 1.92760723e-05 | 5.64604436e-04
 945   | 1.90276088e-05 | 5.60756955e-04
 946   | 1.87823092e-05 | 5.56932796e-04
 947   | 1.85401361e-05 | 5.53131837e-04
 948   | 1.83010525e-05 | 5.49353961e-04
 949   | 1.80650217e-05 | 5.45599048e-04
 950   | 1.78320074e-05 | 5.41866981e-04
 951   | 1.76019737e-05 | 5.38157643e-04
 952   | 1.73748854e-05 | 5.34470918e-04
 953   | 1.71507071e-05 | 5.30806691e-04
 954   | 1.69294043e-05 | 5.27164845e-04
 955   | 1.67109426e-05 | 5.23545268e-04
 956   | 1.64952881e-05 | 5.19947845e-04
 957   | 1.62824071e-05 | 5.16372464e-04
 958   | 1.60722666e-05 | 5.12819012e-04
 959   | 1.58648335e-05 | 5.09287376e-04
 960   | 1.56600755e-05 | 5.05777447e-04
 961   | 1.54579604e-05 | 5.02289113e-04
 962   | 1.52584564e-05 | 4.98822265e-04
 963   | 1.50615321e-05 | 4.95376792e-04
 964   | 1.48671564e-05 | 4.91952586e-04
 965   | 1.46752985e-05 | 4.88549539e-04
 966   | 1.44859280e-05 | 4.85167542e-04
 967   | 1.42990149e-05 | 4.81806489e-04
 968   | 1.41145293e-05 | 4.78466273e-04
 969   | 1.39324420e-05 | 4.75146787e-04
 970   | 1.37527237e-05 | 4.71847926e-04
 971   | 1.35753458e-05 | 4.68569585e-04
 972   | 1.34002797e-05 | 4.65311659e-04
 973   | 1.32274973e-05 | 4.62074043e-04
 974   | 1.30569708e-05 | 4.58856635e-04
 975   | 1.28886726e-05 | 4.55659331e-04
 976   | 1.27225757e-05 | 4.52482028e-04
 977   | 1.25586529e-05 | 4.49324624e-04
 978   | 1.23968778e-05 | 4.46187017e-04
 979   | 1.22372241e-05 | 4.43069106e-04
 980   | 1.20796656e-05 | 4.39970790e-04
 981   | 1.19241767e-05 | 4.36891969e-04
 982   | 1.17707319e-05 | 4.33832543e-04
 983   | 1.16193060e-05 | 4.30792413e-04
 984   | 1.14698743e-05 | 4.27771479e-04
 985   | 1.13224121e-05 | 4.24769642e-04
 986   | 1.11768950e-05 | 4.21786805e-04
 987   | 1.10332990e-05 | 4.18822871e-04
 988   | 1.08916004e-05 | 4.15877741e-04
 989   | 1.07517757e-05 | 4.12951318e-04
 990   | 1.06138015e-05 | 4.10043507e-04
 991   | 1.04776549e-05 | 4.07154212e-04
 992   | 1.03433133e-05 | 4.04283336e-04
 993   | 1.02107541e-05 | 4.01430785e-04
 994   | 1.00799551e-05 | 3.98596464e-04
 995   | 9.95089435e-06 | 3.95780278e-04
 996   | 9.82355020e-06 | 3.92982134e-04
 997   | 9.69790116e-06 | 3.90201938e-04
 998   | 9.57392601e-06 | 3.87439596e-04
 999   | 9.45160380e-06 | 3.84695017e-04
Time to run code: 12474.3963 seconds
plot save_index 999
