corner_terms_flags [[ True  True False False]
 [ True False  True False]
 [False  True False  True]
 [False False  True  True]]
corner_terms_flags [[ True  True False False]
 [ True False  True False]
 [False  True False  True]
 [False False  True  True]]
single_qubit_flags [[ True False False False]
 [False  True False False]
 [False False  True False]
 [False False False  True]]
plaquette_terms_flags [[ 1 -1 -1  1]]
QOC is saving this optimization run to ./out/00000_hamil_500_3_2_2.h5.
iter   |   total error  |    grads_l2   
=========================================
  0    | 9.52059582e-01 | 8.10284914e-02
  1    | 9.48841310e-01 | 6.23353773e-02
  2    | 9.46564527e-01 | 4.06373903e-02
  3    | 9.45328142e-01 | 1.77412699e-02
  4    | 9.45061877e-01 | 3.87512891e-03
  5    | 9.45462996e-01 | 2.15690363e-02
  6    | 9.46076294e-01 | 3.36750088e-02
  7    | 9.46523113e-01 | 4.00743436e-02
  8    | 9.46645344e-01 | 4.16267977e-02
  9    | 9.46467221e-01 | 3.93404492e-02
  10   | 9.46101059e-01 | 3.40672098e-02
  11   | 9.45680362e-01 | 2.65537111e-02
  12   | 9.45322016e-01 | 1.75569750e-02
  13   | 9.45103607e-01 | 7.90314993e-03
  14   | 9.45050588e-01 | 1.53913817e-03
  15   | 9.45135724e-01 | 9.93778444e-03
  16   | 9.45294036e-01 | 1.66370972e-02
  17   | 9.45449721e-01 | 2.12222758e-02
  18   | 9.45543493e-01 | 2.35423525e-02
  19   | 9.45548670e-01 | 2.36636558e-02
  20   | 9.45472406e-01 | 2.18077477e-02
  21   | 9.45346134e-01 | 1.83052077e-02
  22   | 9.45211448e-01 | 1.35704807e-02
  23   | 9.45106123e-01 | 8.08468336e-03
  24   | 9.45053386e-01 | 2.37116742e-03
  25   | 9.45056643e-01 | 3.05428803e-03
  26   | 9.45100900e-01 | 7.71380499e-03
  27   | 9.45160202e-01 | 1.12494340e-02
  28   | 9.45208059e-01 | 1.34352061e-02
  29   | 9.45226628e-01 | 1.41919401e-02
  30   | 9.45211401e-01 | 1.35754979e-02
  31   | 9.45170489e-01 | 1.17562847e-02
  32   | 9.45119770e-01 | 8.99643977e-03
  33   | 9.45076226e-01 | 5.62525410e-03
  34   | 9.45051880e-01 | 2.01071495e-03
  35   | 9.45050249e-01 | 1.48549910e-03
  36   | 9.45066255e-01 | 4.51430726e-03
  37   | 9.45089302e-01 | 6.81980122e-03
  38   | 9.45108023e-01 | 8.22884580e-03
  39   | 9.45114658e-01 | 8.67389161e-03
  40   | 9.45107419e-01 | 8.18966612e-03
  41   | 9.45090222e-01 | 6.90149686e-03
  42   | 9.45070286e-01 | 5.00711229e-03
  43   | 9.45054841e-01 | 2.75379692e-03
  44   | 9.45048293e-01 | 4.27226804e-04
  45   | 9.45050896e-01 | 1.78080904e-03
  46   | 9.45059266e-01 | 3.56460678e-03
  47   | 9.45068291e-01 | 4.79422692e-03
  48   | 9.45073487e-01 | 5.37794015e-03
  49   | 9.45072748e-01 | 5.30423579e-03
  50   | 9.45066843e-01 | 4.63623947e-03
  51   | 9.45058636e-01 | 3.49968449e-03
  52   | 9.45051543e-01 | 2.06630261e-03
  53   | 9.45047985e-01 | 5.56392219e-04
  54   | 9.45048491e-01 | 9.86920088e-04
  55   | 9.45051764e-01 | 2.18870326e-03
  56   | 9.45055529e-01 | 3.02956794e-03
  57   | 9.45057694e-01 | 3.43021596e-03
  58   | 9.45057252e-01 | 3.37868602e-03
  59   | 9.45054557e-01 | 2.92070596e-03
  60   | 9.45050943e-01 | 2.15108740e-03
  61   | 9.45047953e-01 | 1.20844392e-03
  62   | 9.45046593e-01 | 4.18457690e-04
  63   | 9.45046944e-01 | 9.32547733e-04
  64   | 9.45048270e-01 | 1.64771132e-03
  65   | 9.45049493e-01 | 2.12002736e-03
  66   | 9.45049759e-01 | 2.29019286e-03
  67   | 9.45048803e-01 | 2.16233218e-03
  68   | 9.45046978e-01 | 1.78838968e-03
  69   | 9.45044977e-01 | 1.26953387e-03
  70   | 9.45043430e-01 | 8.04312496e-04
  71   | 9.45042600e-01 | 7.85838438e-04
  72   | 9.45042298e-01 | 1.15417087e-03
  73   | 9.45042050e-01 | 1.50762689e-03
  74   | 9.45041363e-01 | 1.70616269e-03
  75   | 9.45039974e-01 | 1.72526150e-03
  76   | 9.45037923e-01 | 1.59831698e-03
  77   | 9.45035472e-01 | 1.40846547e-03
  78   | 9.45032907e-01 | 1.28078870e-03
  79   | 9.45030364e-01 | 1.31854480e-03
  80   | 9.45027755e-01 | 1.49897998e-03
  81   | 9.45024816e-01 | 1.71728401e-03
  82   | 9.45021241e-01 | 1.89531254e-03
  83   | 9.45016804e-01 | 2.00806460e-03
  84   | 9.45011414e-01 | 2.07316525e-03
  85   | 9.45005076e-01 | 2.13357113e-03
  86   | 9.44997799e-01 | 2.23339743e-03
  87   | 9.44989499e-01 | 2.39329399e-03
  88   | 9.44979957e-01 | 2.60340987e-03
  89   | 9.44968836e-01 | 2.83847280e-03
  90   | 9.44955741e-01 | 3.07770326e-03
  91   | 9.44940274e-01 | 3.31516781e-03
  92   | 9.44922047e-01 | 3.55916746e-03
  93   | 9.44900651e-01 | 3.82482813e-03
  94   | 9.44875598e-01 | 4.12519539e-03
  95   | 9.44846255e-01 | 4.46585475e-03
  96   | 9.44811812e-01 | 4.84538190e-03
  97   | 9.44771277e-01 | 5.25987413e-03
  98   | 9.44723472e-01 | 5.70777789e-03
  99   | 9.44667030e-01 | 6.19224339e-03
 100   | 9.44600353e-01 | 6.72051499e-03
 101   | 9.44521544e-01 | 7.30162128e-03
 102   | 9.44428311e-01 | 7.94419680e-03
 103   | 9.44317865e-01 | 8.65570637e-03
 104   | 9.44186811e-01 | 9.44320901e-03
 105   | 9.44031031e-01 | 1.03148826e-02
 106   | 9.43845532e-01 | 1.12813327e-02
 107   | 9.43624257e-01 | 1.23561419e-02
 108   | 9.43359827e-01 | 1.35557276e-02
 109   | 9.43043216e-01 | 1.48989539e-02
 110   | 9.42663363e-01 | 1.64069219e-02
 111   | 9.42206706e-01 | 1.81030522e-02
 112   | 9.41656656e-01 | 2.00132139e-02
 113   | 9.40993007e-01 | 2.21654342e-02
 114   | 9.40191332e-01 | 2.45886839e-02
 115   | 9.39222436e-01 | 2.73102903e-02
 116   | 9.38052017e-01 | 3.03515736e-02
 117   | 9.36640789e-01 | 3.37213099e-02
 118   | 9.34945401e-01 | 3.74067081e-02
 119   | 9.32920586e-01 | 4.13619163e-02
 120   | 9.30522957e-01 | 4.54948094e-02
 121   | 9.27716750e-01 | 4.96539385e-02
 122   | 9.24481465e-01 | 5.36187809e-02
 123   | 9.20820857e-01 | 5.70973138e-02
 124   | 9.16772159e-01 | 5.97349145e-02
 125   | 9.12413874e-01 | 6.11373675e-02
 126   | 9.07870198e-01 | 6.09084978e-02
 127   | 9.03310050e-01 | 5.87001210e-02
 128   | 8.98938918e-01 | 5.42691193e-02
 129   | 8.94982246e-01 | 4.75338951e-02
 130   | 8.91660156e-01 | 3.86205527e-02
 131   | 8.89155069e-01 | 2.78886025e-02
 132   | 8.87576578e-01 | 1.59307369e-02
 133   | 8.86931492e-01 | 3.69087089e-03
 134   | 8.87109981e-01 | 8.87475989e-03
 135   | 8.87898223e-01 | 1.98209883e-02
 136   | 8.89020050e-01 | 2.90985406e-02
 137   | 8.90195679e-01 | 3.63317460e-02
 138   | 8.91195236e-01 | 4.14340168e-02
 139   | 8.91869067e-01 | 4.45008708e-02
 140   | 8.92152038e-01 | 4.57139585e-02
 141   | 8.92050540e-01 | 4.52763665e-02
 142   | 8.91622635e-01 | 4.33885285e-02
 143   | 8.90957806e-01 | 4.02518781e-02
 144   | 8.90158923e-01 | 3.60817528e-02
 145   | 8.89327148e-01 | 3.11157101e-02
 146   | 8.88550070e-01 | 2.56107268e-02
 147   | 8.87893491e-01 | 1.98295481e-02
 148   | 8.87397251e-01 | 1.40220576e-02
 149   | 8.87075131e-01 | 8.41294271e-03
 150   | 8.86918205e-01 | 3.24673170e-03
 151   | 8.86900496e-01 | 2.04245429e-03
 152   | 8.86985601e-01 | 6.04097209e-03
 153   | 8.87133187e-01 | 9.56377567e-03
 154   | 8.87304593e-01 | 1.24180483e-02
 155   | 8.87467071e-01 | 1.45794865e-02
 156   | 8.87596398e-01 | 1.60641310e-02
 157   | 8.87677826e-01 | 1.69141117e-02
 158   | 8.87705618e-01 | 1.71859400e-02
 159   | 8.87681642e-01 | 1.69395715e-02
 160   | 8.87613524e-01 | 1.62320148e-02
 161   | 8.87512722e-01 | 1.51174378e-02
 162   | 8.87392676e-01 | 1.36520631e-02
 163   | 8.87267087e-01 | 1.18996286e-02
 164   | 8.87148382e-01 | 9.93344383e-03
 165   | 8.87046460e-01 | 7.83369344e-03
 166   | 8.86967877e-01 | 5.68204759e-03
 167   | 8.86915553e-01 | 3.55939016e-03
 168   | 8.86888989e-01 | 1.57521664e-03
 169   | 8.86884870e-01 | 8.15124601e-04
 170   | 8.86897896e-01 | 2.32877332e-03
 171   | 8.86921710e-01 | 3.80652913e-03
 172   | 8.86949824e-01 | 5.04062883e-03
 173   | 8.86976443e-01 | 5.98888165e-03
 174   | 8.86997105e-01 | 6.63568325e-03
 175   | 8.87009050e-01 | 6.98412142e-03
 176   | 8.87011280e-01 | 7.05215522e-03
 177   | 8.87004352e-01 | 6.86757461e-03
 178   | 8.86989999e-01 | 6.46316062e-03
 179   | 8.86970673e-01 | 5.87386268e-03
 180   | 8.86949092e-01 | 5.13639136e-03
 181   | 8.86927842e-01 | 4.29001630e-03
 182   | 8.86909058e-01 | 3.37684844e-03
 183   | 8.86894215e-01 | 2.44100069e-03
 184   | 8.86884035e-01 | 1.52952750e-03
 185   | 8.86878531e-01 | 7.20760156e-04
 186   | 8.86877135e-01 | 4.98497154e-04
 187   | 8.86878887e-01 | 1.07005768e-03
 188   | 8.86882633e-01 | 1.66572107e-03
 189   | 8.86887204e-01 | 2.16893063e-03
 190   | 8.86891564e-01 | 2.55796073e-03
 191   | 8.86894913e-01 | 2.82510286e-03
 192   | 8.86896753e-01 | 2.97013391e-03
 193   | 8.86896898e-01 | 2.99926013e-03
 194   | 8.86895439e-01 | 2.92382328e-03
 195   | 8.86892680e-01 | 2.75845582e-03
 196   | 8.86889050e-01 | 2.51973289e-03
 197   | 8.86885022e-01 | 2.22675362e-03
 198   | 8.86881034e-01 | 1.90557585e-03
 199   | 8.86877428e-01 | 1.60195870e-03
 200   | 8.86874383e-01 | 1.40984485e-03
 201   | 8.86871853e-01 | 1.48642478e-03
 202   | 8.86869454e-01 | 1.94921310e-03
 203   | 8.86866248e-01 | 2.81975246e-03
 204   | 8.86860244e-01 | 4.15856094e-03
 205   | 8.86847274e-01 | 6.13572167e-03
 206   | 8.86818493e-01 | 9.04620753e-03
 207   | 8.86754894e-01 | 1.33407598e-02
 208   | 8.86615491e-01 | 1.96839398e-02
 209   | 8.86312535e-01 | 2.90387586e-02
 210   | 8.85662401e-01 | 4.27683304e-02
 211   | 8.84298644e-01 | 6.27196603e-02
 212   | 8.81548956e-01 | 9.12151286e-02
 213   | 8.76324938e-01 | 1.30842985e-01
 214   | 8.67119757e-01 | 1.83832333e-01
 215   | 8.52183456e-01 | 2.50570667e-01
 216   | 8.29879459e-01 | 3.27100153e-01
 217   | 7.99266298e-01 | 4.02564840e-01
 218   | 7.60989722e-01 | 4.59407427e-01
 219   | 7.18018167e-01 | 4.81331699e-01
 220   | 6.74671263e-01 | 4.69807320e-01
 221   | 6.33383393e-01 | 4.45488615e-01
 222   | 5.94099389e-01 | 4.13586358e-01
 223   | 5.58908604e-01 | 3.57792149e-01
 224   | 5.33171757e-01 | 2.84919848e-01
 225   | 5.21260551e-01 | 2.54579234e-01
 226   | 5.22043722e-01 | 2.99564093e-01
 227   | 5.29412615e-01 | 3.60113191e-01
 228   | 5.36854336e-01 | 3.97723490e-01
 229   | 5.40453741e-01 | 4.09962951e-01
 230   | 5.39071420e-01 | 4.03185238e-01
 231   | 5.33376317e-01 | 3.82067810e-01
 232   | 5.24941285e-01 | 3.49232007e-01
 233   | 5.15610024e-01 | 3.07709834e-01
 234   | 5.06959610e-01 | 2.62580461e-01
 235   | 4.99927260e-01 | 2.20315477e-01
 236   | 4.94829301e-01 | 1.87108458e-01
 237   | 4.91641112e-01 | 1.68234826e-01
 238   | 4.90150423e-01 | 1.66571659e-01
 239   | 4.89933980e-01 | 1.79321465e-01
 240   | 4.90361354e-01 | 1.98904033e-01
 241   | 4.90705665e-01 | 2.17518324e-01
 242   | 4.90307002e-01 | 2.29523077e-01
 243   | 4.88736235e-01 | 2.31661055e-01
 244   | 4.85915968e-01 | 2.22833449e-01
 245   | 4.82138262e-01 | 2.03899977e-01
 246   | 4.77953874e-01 | 1.77534322e-01
 247   | 4.73978200e-01 | 1.48171077e-01
 248   | 4.70693615e-01 | 1.21957619e-01
 249   | 4.68317779e-01 | 1.05747625e-01
 250   | 4.66776707e-01 | 1.02933265e-01
 251   | 4.65781654e-01 | 1.09572660e-01
 252   | 4.64967488e-01 | 1.18722581e-01
 253   | 4.64025954e-01 | 1.25820468e-01
 254   | 4.62779963e-01 | 1.29141385e-01
 255   | 4.61187800e-01 | 1.28553803e-01
 256   | 4.59303722e-01 | 1.24528945e-01
 257   | 4.57229844e-01 | 1.17628230e-01
 258   | 4.55080399e-01 | 1.08394085e-01
 259   | 4.52962008e-01 | 9.75372387e-02
 260   | 4.50963570e-01 | 8.62828204e-02
 261   | 4.49148380e-01 | 7.66636376e-02
 262   | 4.47545562e-01 | 7.12600469e-02
 263   | 4.46143443e-01 | 7.16903702e-02
 264   | 4.44890377e-01 | 7.69120987e-02
 265   | 4.43707052e-01 | 8.39253495e-02
 266   | 4.42509036e-01 | 8.97755926e-02
 267   | 4.41232508e-01 | 9.25213737e-02
 268   | 4.39853446e-01 | 9.13273429e-02
 269   | 4.38392846e-01 | 8.63490063e-02
 270   | 4.36906336e-01 | 7.86215098e-02
 271   | 4.35462809e-01 | 6.99480130e-02
 272   | 4.34120588e-01 | 6.26394800e-02
 273   | 4.32909910e-01 | 5.87457383e-02
 274   | 4.31827356e-01 | 5.87656440e-02
 275   | 4.30842852e-01 | 6.12309293e-02
 276   | 4.29914962e-01 | 6.39443103e-02
 277   | 4.29007580e-01 | 6.52404891e-02
 278   | 4.28101621e-01 | 6.43446791e-02
 279   | 4.27198324e-01 | 6.12636441e-02
 280   | 4.26314611e-01 | 5.65887690e-02
 281   | 4.25473832e-01 | 5.12951515e-02
 282   | 4.24696245e-01 | 4.64978884e-02
 283   | 4.23992672e-01 | 4.31003023e-02
 284   | 4.23362827e-01 | 4.13974192e-02
 285   | 4.22797696e-01 | 4.09549084e-02
 286   | 4.22284085e-01 | 4.09501386e-02
 287   | 4.21809189e-01 | 4.06375458e-02
 288   | 4.21363708e-01 | 3.95826770e-02
 289   | 4.20943000e-01 | 3.76721926e-02
 290   | 4.20546599e-01 | 3.50353096e-02
 291   | 4.20176773e-01 | 3.19558264e-02
 292   | 4.19836802e-01 | 2.87964867e-02
 293   | 4.19529459e-01 | 2.59296031e-02
 294   | 4.19255954e-01 | 2.36578755e-02
 295   | 4.19015436e-01 | 2.21241247e-02
 296   | 4.18805070e-01 | 2.12543946e-02
 297   | 4.18620589e-01 | 2.07960695e-02
 298   | 4.18457163e-01 | 2.04366073e-02
 299   | 4.18310331e-01 | 1.99175056e-02
 300   | 4.18176716e-01 | 1.90926415e-02
 301   | 4.18054351e-01 | 1.79405185e-02
 302   | 4.17942520e-01 | 1.65543304e-02
 303   | 4.17841248e-01 | 1.51203494e-02
 304   | 4.17750623e-01 | 1.38782109e-02
 305   | 4.17670227e-01 | 1.30466706e-02
 306   | 4.17598859e-01 | 1.27217008e-02
 307   | 4.17534591e-01 | 1.28192081e-02
 308   | 4.17475123e-01 | 1.31312154e-02
 309   | 4.17418234e-01 | 1.34421380e-02
 310   | 4.17362184e-01 | 1.36089956e-02
 311   | 4.17305922e-01 | 1.35844612e-02
 312   | 4.17249055e-01 | 1.34066837e-02
 313   | 4.17191639e-01 | 1.31733943e-02
 314   | 4.17133875e-01 | 1.30050206e-02
 315   | 4.17075830e-01 | 1.30006287e-02
 316   | 4.17017257e-01 | 1.32006556e-02
 317   | 4.16957565e-01 | 1.35766449e-02
 318   | 4.16895909e-01 | 1.40536339e-02
 319   | 4.16831353e-01 | 1.45478144e-02
 320   | 4.16763045e-01 | 1.49977028e-02
 321   | 4.16690337e-01 | 1.53793374e-02
 322   | 4.16612814e-01 | 1.57064088e-02
 323   | 4.16530232e-01 | 1.60193048e-02
 324   | 4.16442395e-01 | 1.63675482e-02
 325   | 4.16349018e-01 | 1.67913311e-02
 326   | 4.16249628e-01 | 1.73088654e-02
 327   | 4.16143522e-01 | 1.79143233e-02
 328   | 4.16029803e-01 | 1.85859315e-02
 329   | 4.15907443e-01 | 1.92988969e-02
 330   | 4.15775367e-01 | 2.00367022e-02
 331   | 4.15632496e-01 | 2.07966607e-02
 332   | 4.15477740e-01 | 2.15889520e-02
 333   | 4.15309947e-01 | 2.24309566e-02
 334   | 4.15127822e-01 | 2.33400402e-02
 335   | 4.14929854e-01 | 2.43279544e-02
 336   | 4.14714263e-01 | 2.53987923e-02
 337   | 4.14478974e-01 | 2.65505637e-02
 338   | 4.14221631e-01 | 2.77788778e-02
 339   | 4.13939602e-01 | 2.90806829e-02
 340   | 4.13629979e-01 | 3.04565251e-02
 341   | 4.13289566e-01 | 3.19108227e-02
 342   | 4.12914830e-01 | 3.34505938e-02
 343   | 4.12501844e-01 | 3.50835682e-02
 344   | 4.12046231e-01 | 3.68165852e-02
 345   | 4.11543103e-01 | 3.86547917e-02
 346   | 4.10987015e-01 | 4.06016761e-02
 347   | 4.10371926e-01 | 4.26596255e-02
 348   | 4.09691166e-01 | 4.48305949e-02
 349   | 4.08937402e-01 | 4.71165780e-02
 350   | 4.08102602e-01 | 4.95197563e-02
 351   | 4.07178000e-01 | 5.20423677e-02
 352   | 4.06154071e-01 | 5.46864150e-02
 353   | 4.05020508e-01 | 5.74533313e-02
 354   | 4.03766213e-01 | 6.03436786e-02
 355   | 4.02379317e-01 | 6.33569035e-02
 356   | 4.00847208e-01 | 6.64911473e-02
 357   | 3.99156596e-01 | 6.97430922e-02
 358   | 3.97293605e-01 | 7.31078294e-02
 359   | 3.95243897e-01 | 7.65787320e-02
 360   | 3.92992838e-01 | 8.01473098e-02
 361   | 3.90525698e-01 | 8.38030196e-02
 362   | 3.87827906e-01 | 8.75329910e-02
 363   | 3.84885340e-01 | 9.13216193e-02
 364   | 3.81684689e-01 | 9.51499603e-02
 365   | 3.78213870e-01 | 9.89948398e-02
 366   | 3.74462535e-01 | 1.02827567e-01
 367   | 3.70422680e-01 | 1.06612123e-01
 368   | 3.66089400e-01 | 1.10302716e-01
 369   | 3.61461816e-01 | 1.13840640e-01
 370   | 3.56544249e-01 | 1.17150560e-01
 371   | 3.51347652e-01 | 1.20136564e-01
 372   | 3.45891360e-01 | 1.22678735e-01
 373   | 3.40205097e-01 | 1.24631461e-01
 374   | 3.34331138e-01 | 1.25825204e-01
 375   | 3.28326336e-01 | 1.26073860e-01
 376   | 3.22263564e-01 | 1.25189906e-01
 377   | 3.16231903e-01 | 1.23009069e-01
 378   | 3.10334814e-01 | 1.19424942e-01
 379   | 3.04685549e-01 | 1.14431849e-01
 380   | 2.99399424e-01 | 1.08171296e-01
 381   | 2.94583234e-01 | 1.00973668e-01
 382   | 2.90323021e-01 | 9.33816377e-02
 383   | 2.86672319e-01 | 8.61330080e-02
 384   | 2.83643522e-01 | 8.00684432e-02
 385   | 2.81204708e-01 | 7.59325533e-02
 386   | 2.79283183e-01 | 7.41047681e-02
 387   | 2.77775261e-01 | 7.44250527e-02
 388   | 2.76560231e-01 | 7.62792373e-02
 389   | 2.75515509e-01 | 7.88779452e-02
 390   | 2.74530096e-01 | 8.15102700e-02
 391   | 2.73514315e-01 | 8.36600114e-02
 392   | 2.72405034e-01 | 8.50139576e-02
 393   | 2.71166659e-01 | 8.54247925e-02
 394   | 2.69788799e-01 | 8.48672736e-02
 395   | 2.68281759e-01 | 8.34021788e-02
 396   | 2.66670918e-01 | 8.11502187e-02
 397   | 2.64990861e-01 | 7.82736012e-02
 398   | 2.63279880e-01 | 7.49619699e-02
 399   | 2.61575295e-01 | 7.14198752e-02
 400   | 2.59909848e-01 | 6.78538376e-02
 401   | 2.58309300e-01 | 6.44581121e-02
 402   | 2.56791220e-01 | 6.13994356e-02
 403   | 2.55364849e-01 | 5.88023713e-02
 404   | 2.54031815e-01 | 5.67381189e-02
 405   | 2.52787448e-01 | 5.52200971e-02
 406   | 2.51622416e-01 | 5.42083486e-02
 407   | 2.50524448e-01 | 5.36219991e-02
 408   | 2.49479941e-01 | 5.33561874e-02
 409   | 2.48475346e-01 | 5.32989248e-02
 410   | 2.47498244e-01 | 5.33445477e-02
 411   | 2.46538105e-01 | 5.34025385e-02
 412   | 2.45586736e-01 | 5.34021395e-02
 413   | 2.44638444e-01 | 5.32938585e-02
 414   | 2.43689963e-01 | 5.30489425e-02
 415   | 2.42740195e-01 | 5.26575899e-02
 416   | 2.41789815e-01 | 5.21263858e-02
 417   | 2.40840792e-01 | 5.14752401e-02
 418   | 2.39895885e-01 | 5.07340044e-02
 419   | 2.38958158e-01 | 4.99388889e-02
 420   | 2.38030548e-01 | 4.91287936e-02
 421   | 2.37115525e-01 | 4.83416889e-02
 422   | 2.36214849e-01 | 4.76112437e-02
 423   | 2.35329451e-01 | 4.69639668e-02
 424   | 2.34459402e-01 | 4.64171696e-02
 425   | 2.33603992e-01 | 4.59780235e-02
 426   | 2.32761864e-01 | 4.56438525e-02
 427   | 2.31931209e-01 | 4.54035929e-02
 428   | 2.31109965e-01 | 4.52401347e-02
 429   | 2.30296028e-01 | 4.51331149e-02
 430   | 2.29487421e-01 | 4.50617025e-02
 431   | 2.28682439e-01 | 4.50069902e-02
 432   | 2.27879730e-01 | 4.49537465e-02
 433   | 2.27078344e-01 | 4.48914275e-02
 434   | 2.26277718e-01 | 4.48144657e-02
 435   | 2.25477635e-01 | 4.47219351e-02
 436   | 2.24678152e-01 | 4.46167357e-02
 437   | 2.23879513e-01 | 4.45044667e-02
 438   | 2.23082053e-01 | 4.43921624e-02
 439   | 2.22286120e-01 | 4.42870589e-02
 440   | 2.21492000e-01 | 4.41955393e-02
 441   | 2.20699869e-01 | 4.41223638e-02
 442   | 2.19909768e-01 | 4.40702414e-02
 443   | 2.19121593e-01 | 4.40397433e-02
 444   | 2.18335110e-01 | 4.40295090e-02
 445   | 2.17549978e-01 | 4.40366641e-02
 446   | 2.16765784e-01 | 4.40573555e-02
 447   | 2.15982080e-01 | 4.40873161e-02
 448   | 2.15198415e-01 | 4.41223892e-02
 449   | 2.14414366e-01 | 4.41589634e-02
 450   | 2.13629558e-01 | 4.41942868e-02
 451   | 2.12843676e-01 | 4.42266472e-02
 452   | 2.12056468e-01 | 4.42554173e-02
 453   | 2.11267740e-01 | 4.42809751e-02
 454   | 2.10477344e-01 | 4.43045227e-02
 455   | 2.09685165e-01 | 4.43278351e-02
 456   | 2.08891102e-01 | 4.43529796e-02
 457   | 2.08095053e-01 | 4.43820451e-02
 458   | 2.07296903e-01 | 4.44169160e-02
 459   | 2.06496514e-01 | 4.44591157e-02
 460   | 2.05693719e-01 | 4.45097283e-02
 461   | 2.04888321e-01 | 4.45693942e-02
 462   | 2.04080097e-01 | 4.46383664e-02
 463   | 2.03268799e-01 | 4.47166033e-02
 464   | 2.02454163e-01 | 4.48038785e-02
 465   | 2.01635913e-01 | 4.48998877e-02
 466   | 2.00813767e-01 | 4.50043368e-02
 467   | 1.99987439e-01 | 4.51170052e-02
 468   | 1.99156645e-01 | 4.52377797e-02
 469   | 1.98321100e-01 | 4.53666613e-02
 470   | 1.97480520e-01 | 4.55037487e-02
 471   | 1.96634621e-01 | 4.56492054e-02
 472   | 1.95783116e-01 | 4.58032177e-02
 473   | 1.94925713e-01 | 4.59659500e-02
 474   | 1.94062116e-01 | 4.61375044e-02
 475   | 1.93192019e-01 | 4.63178898e-02
 476   | 1.92315112e-01 | 4.65070020e-02
 477   | 1.91431076e-01 | 4.67046179e-02
 478   | 1.90539590e-01 | 4.69104016e-02
 479   | 1.89640327e-01 | 4.71239200e-02
 480   | 1.88732963e-01 | 4.73446648e-02
 481   | 1.87817177e-01 | 4.75720758e-02
 482   | 1.86892653e-01 | 4.78055631e-02
 483   | 1.85959084e-01 | 4.80445238e-02
 484   | 1.85016178e-01 | 4.82883513e-02
 485   | 1.84063654e-01 | 4.85364391e-02
 486   | 1.83101248e-01 | 4.87881769e-02
 487   | 1.82128717e-01 | 4.90429441e-02
 488   | 1.81145835e-01 | 4.93001009e-02
 489   | 1.80152398e-01 | 4.95589802e-02
 490   | 1.79148226e-01 | 4.98188824e-02
 491   | 1.78133163e-01 | 5.00790738e-02
 492   | 1.77107076e-01 | 5.03387898e-02
 493   | 1.76069862e-01 | 5.05972421e-02
 494   | 1.75021445e-01 | 5.08536303e-02
 495   | 1.73961775e-01 | 5.11071559e-02
 496   | 1.72890834e-01 | 5.13570388e-02
 497   | 1.71808632e-01 | 5.16025346e-02
 498   | 1.70715209e-01 | 5.18429513e-02
 499   | 1.69610631e-01 | 5.20776648e-02
 500   | 1.68494993e-01 | 5.23061333e-02
 501   | 1.67368413e-01 | 5.25279086e-02
 502   | 1.66231033e-01 | 5.27426451e-02
 503   | 1.65083012e-01 | 5.29501065e-02
 504   | 1.63924527e-01 | 5.31501705e-02
 505   | 1.62755766e-01 | 5.33428305e-02
 506   | 1.61576926e-01 | 5.35281968e-02
 507   | 1.60388205e-01 | 5.37064954e-02
 508   | 1.59189803e-01 | 5.38780650e-02
 509   | 1.57981911e-01 | 5.40433530e-02
 510   | 1.56764713e-01 | 5.42029094e-02
 511   | 1.55538374e-01 | 5.43573786e-02
 512   | 1.54303043e-01 | 5.45074900e-02
 513   | 1.53058843e-01 | 5.46540457e-02
 514   | 1.51805869e-01 | 5.47979067e-02
 515   | 1.50544188e-01 | 5.49399775e-02
 516   | 1.49273829e-01 | 5.50811887e-02
 517   | 1.47994789e-01 | 5.52224785e-02
 518   | 1.46707024e-01 | 5.53647746e-02
 519   | 1.45410453e-01 | 5.55089743e-02
 520   | 1.44104955e-01 | 5.56559269e-02
 521   | 1.42790372e-01 | 5.58064157e-02
 522   | 1.41466508e-01 | 5.59611426e-02
 523   | 1.40133134e-01 | 5.61207137e-02
 524   | 1.38789988e-01 | 5.62856276e-02
 525   | 1.37436782e-01 | 5.64562658e-02
 526   | 1.36073202e-01 | 5.66328855e-02
 527   | 1.34698919e-01 | 5.68156146e-02
 528   | 1.33313588e-01 | 5.70044493e-02
 529   | 1.31916856e-01 | 5.71992529e-02
 530   | 1.30508371e-01 | 5.73997576e-02
 531   | 1.29087783e-01 | 5.76055669e-02
 532   | 1.27654755e-01 | 5.78161598e-02
 533   | 1.26208965e-01 | 5.80308960e-02
 534   | 1.24750116e-01 | 5.82490224e-02
 535   | 1.23277937e-01 | 5.84696792e-02
 536   | 1.21792196e-01 | 5.86919079e-02
 537   | 1.20292698e-01 | 5.89146587e-02
 538   | 1.18779297e-01 | 5.91367986e-02
 539   | 1.17251895e-01 | 5.93571196e-02
 540   | 1.15710452e-01 | 5.95743469e-02
 541   | 1.14154985e-01 | 5.97871477e-02
 542   | 1.12585578e-01 | 5.99941395e-02
 543   | 1.11002378e-01 | 6.01938997e-02
 544   | 1.09405607e-01 | 6.03849741e-02
 545   | 1.07795555e-01 | 6.05658867e-02
 546   | 1.06172592e-01 | 6.07351501e-02
 547   | 1.04537160e-01 | 6.08912754e-02
 548   | 1.02889782e-01 | 6.10327835e-02
 549   | 1.01231059e-01 | 6.11582164e-02
 550   | 9.95616684e-02 | 6.12661494e-02
 551   | 9.78823675e-02 | 6.13552034e-02
 552   | 9.61939890e-02 | 6.14240575e-02
 553   | 9.44974403e-02 | 6.14714620e-02
 554   | 9.27937000e-02 | 6.14962514e-02
 555   | 9.10838155e-02 | 6.14973566e-02
 556   | 8.93688976e-02 | 6.14738175e-02
 557   | 8.76501165e-02 | 6.14247944e-02
 558   | 8.59286957e-02 | 6.13495781e-02
 559   | 8.42059057e-02 | 6.12475993e-02
 560   | 8.24830574e-02 | 6.11184365e-02
 561   | 8.07614943e-02 | 6.09618215e-02
 562   | 7.90425845e-02 | 6.07776434e-02
 563   | 7.73277128e-02 | 6.05659509e-02
 564   | 7.56182720e-02 | 6.03269511e-02
 565   | 7.39156541e-02 | 6.00610074e-02
 566   | 7.22212415e-02 | 5.97686342e-02
 567   | 7.05363991e-02 | 5.94504894e-02
 568   | 6.88624652e-02 | 5.91073649e-02
 569   | 6.72007441e-02 | 5.87401749e-02
 570   | 6.55524988e-02 | 5.83499423e-02
 571   | 6.39189438e-02 | 5.79377836e-02
 572   | 6.23012394e-02 | 5.75048925e-02
 573   | 6.07004864e-02 | 5.70525224e-02
 574   | 5.91177217e-02 | 5.65819682e-02
 575   | 5.75539147e-02 | 5.60945488e-02
 576   | 5.60099652e-02 | 5.55915880e-02
 577   | 5.44867013e-02 | 5.50743983e-02
 578   | 5.29848790e-02 | 5.45442637e-02
 579   | 5.15051826e-02 | 5.40024250e-02
 580   | 5.00482253e-02 | 5.34500670e-02
 581   | 4.86145514e-02 | 5.28883064e-02
 582   | 4.72046384e-02 | 5.23181833e-02
 583   | 4.58189005e-02 | 5.17406547e-02
 584   | 4.44576916e-02 | 5.11565897e-02
 585   | 4.31213093e-02 | 5.05667679e-02
 586   | 4.18099989e-02 | 4.99718802e-02
 587   | 4.05239578e-02 | 4.93725310e-02
 588   | 3.92633392e-02 | 4.87692431e-02
 589   | 3.80282566e-02 | 4.81624639e-02
 590   | 3.68187876e-02 | 4.75525731e-02
 591   | 3.56349772e-02 | 4.69398915e-02
 592   | 3.44768417e-02 | 4.63246902e-02
 593   | 3.33443711e-02 | 4.57072001e-02
 594   | 3.22375321e-02 | 4.50876221e-02
 595   | 3.11562702e-02 | 4.44661359e-02
 596   | 3.01005113e-02 | 4.38429092e-02
 597   | 2.90701633e-02 | 4.32181052e-02
 598   | 2.80651171e-02 | 4.25918905e-02
 599   | 2.70852472e-02 | 4.19644400e-02
 600   | 2.61304122e-02 | 4.13359429e-02
 601   | 2.52004553e-02 | 4.07066055e-02
 602   | 2.42952038e-02 | 4.00766544e-02
 603   | 2.34144694e-02 | 3.94463378e-02
 604   | 2.25580477e-02 | 3.88159258e-02
 605   | 2.17257185e-02 | 3.81857104e-02
 606   | 2.09172448e-02 | 3.75560038e-02
 607   | 2.01323733e-02 | 3.69271372e-02
 608   | 1.93708338e-02 | 3.62994577e-02
 609   | 1.86323395e-02 | 3.56733256e-02
 610   | 1.79165871e-02 | 3.50491115e-02
 611   | 1.72232566e-02 | 3.44271927e-02
 612   | 1.65520122e-02 | 3.38079495e-02
 613   | 1.59025024e-02 | 3.31917620e-02
 614   | 1.52743608e-02 | 3.25790063e-02
 615   | 1.46672068e-02 | 3.19700516e-02
 616   | 1.40806465e-02 | 3.13652568e-02
 617   | 1.35142737e-02 | 3.07649683e-02
 618   | 1.29676708e-02 | 3.01695168e-02
 619   | 1.24404103e-02 | 2.95792162e-02
 620   | 1.19320556e-02 | 2.89943614e-02
 621   | 1.14421624e-02 | 2.84152277e-02
 622   | 1.09702804e-02 | 2.78420699e-02
 623   | 1.05159539e-02 | 2.72751222e-02
 624   | 1.00787234e-02 | 2.67145989e-02
 625   | 9.65812721e-03 | 2.61606942e-02
 626   | 9.25370201e-03 | 2.56135840e-02
 627   | 8.86498457e-03 | 2.50734267e-02
 628   | 8.49151268e-03 | 2.45403648e-02
 629   | 8.13282620e-03 | 2.40145262e-02
 630   | 7.78846810e-03 | 2.34960262e-02
 631   | 7.45798533e-03 | 2.29849686e-02
 632   | 7.14092969e-03 | 2.24814473e-02
 633   | 6.83685854e-03 | 2.19855477e-02
 634   | 6.54533551e-03 | 2.14973475e-02
 635   | 6.26593110e-03 | 2.10169178e-02
 636   | 5.99822315e-03 | 2.05443237e-02
 637   | 5.74179735e-03 | 2.00796247e-02
 638   | 5.49624762e-03 | 1.96228744e-02
 639   | 5.26117640e-03 | 1.91741213e-02
 640   | 5.03619499e-03 | 1.87334079e-02
 641   | 4.82092374e-03 | 1.83007706e-02
 642   | 4.61499223e-03 | 1.78762393e-02
 643   | 4.41803948e-03 | 1.74598366e-02
 644   | 4.22971396e-03 | 1.70515780e-02
 645   | 4.04967378e-03 | 1.66514704e-02
 646   | 3.87758668e-03 | 1.62595127e-02
 647   | 3.71313005e-03 | 1.58756946e-02
 648   | 3.55599099e-03 | 1.54999970e-02
 649   | 3.40586623e-03 | 1.51323914e-02
 650   | 3.26246214e-03 | 1.47728401e-02
 651   | 3.12549464e-03 | 1.44212963e-02
 652   | 2.99468911e-03 | 1.40777040e-02
 653   | 2.86978034e-03 | 1.37419989e-02
 654   | 2.75051240e-03 | 1.34141083e-02
 655   | 2.63663847e-03 | 1.30939516e-02
 656   | 2.52792078e-03 | 1.27814411e-02
 657   | 2.42413035e-03 | 1.24764823e-02
 658   | 2.32504694e-03 | 1.21789746e-02
 659   | 2.23045876e-03 | 1.18888118e-02
 660   | 2.14016237e-03 | 1.16058828e-02
 661   | 2.05396240e-03 | 1.13300721e-02
 662   | 1.97167143e-03 | 1.10612605e-02
 663   | 1.89310972e-03 | 1.07993253e-02
 664   | 1.81810500e-03 | 1.05441410e-02
 665   | 1.74649229e-03 | 1.02955799e-02
 666   | 1.67811363e-03 | 1.00535121e-02
 667   | 1.61281789e-03 | 9.81780620e-03
 668   | 1.55046054e-03 | 9.58832965e-03
 669   | 1.49090343e-03 | 9.36494887e-03
 670   | 1.43401456e-03 | 9.14752969e-03
 671   | 1.37966786e-03 | 8.93593761e-03
 672   | 1.32774299e-03 | 8.73003797e-03
 673   | 1.27812512e-03 | 8.52969628e-03
 674   | 1.23070471e-03 | 8.33477838e-03
 675   | 1.18537732e-03 | 8.14515069e-03
 676   | 1.14204341e-03 | 7.96068038e-03
 677   | 1.10060812e-03 | 7.78123557e-03
 678   | 1.06098109e-03 | 7.60668552e-03
 679   | 1.02307629e-03 | 7.43690081e-03
 680   | 9.86811820e-04 | 7.27175349e-03
 681   | 9.52109715e-04 | 7.11111725e-03
 682   | 9.18895808e-04 | 6.95486756e-03
 683   | 8.87099540e-04 | 6.80288181e-03
 684   | 8.56653804e-04 | 6.65503942e-03
 685   | 8.27494785e-04 | 6.51122200e-03
 686   | 7.99561811e-04 | 6.37131337e-03
 687   | 7.72797202e-04 | 6.23519975e-03
 688   | 7.47146135e-04 | 6.10276974e-03
 689   | 7.22556503e-04 | 5.97391445e-03
 690   | 6.98978783e-04 | 5.84852751e-03
 691   | 6.76365917e-04 | 5.72650514e-03
 692   | 6.54673184e-04 | 5.60774615e-03
 693   | 6.33858089e-04 | 5.49215198e-03
 694   | 6.13880252e-04 | 5.37962670e-03
 695   | 5.94701298e-04 | 5.27007698e-03
 696   | 5.76284762e-04 | 5.16341211e-03
 697   | 5.58595989e-04 | 5.05954400e-03
 698   | 5.41602044e-04 | 4.95838707e-03
 699   | 5.25271622e-04 | 4.85985831e-03
 700   | 5.09574965e-04 | 4.76387718e-03
 701   | 4.94483787e-04 | 4.67036559e-03
 702   | 4.79971193e-04 | 4.57924785e-03
 703   | 4.66011608e-04 | 4.49045062e-03
 704   | 4.52580713e-04 | 4.40390285e-03
 705   | 4.39655378e-04 | 4.31953573e-03
 706   | 4.27213598e-04 | 4.23728262e-03
 707   | 4.15234439e-04 | 4.15707904e-03
 708   | 4.03697981e-04 | 4.07886253e-03
 709   | 3.92585266e-04 | 4.00257269e-03
 710   | 3.81878246e-04 | 3.92815105e-03
 711   | 3.71559742e-04 | 3.85554104e-03
 712   | 3.61613393e-04 | 3.78468794e-03
 713   | 3.52023616e-04 | 3.71553880e-03
 714   | 3.42775569e-04 | 3.64804244e-03
 715   | 3.33855109e-04 | 3.58214933e-03
 716   | 3.25248758e-04 | 3.51781158e-03
 717   | 3.16943669e-04 | 3.45498289e-03
 718   | 3.08927594e-04 | 3.39361846e-03
 719   | 3.01188852e-04 | 3.33367500e-03
 720   | 2.93716302e-04 | 3.27511065e-03
 721   | 2.86499316e-04 | 3.21788491e-03
 722   | 2.79527751e-04 | 3.16195865e-03
 723   | 2.72791926e-04 | 3.10729402e-03
 724   | 2.66282598e-04 | 3.05385443e-03
 725   | 2.59990941e-04 | 3.00160451e-03
 726   | 2.53908524e-04 | 2.95051006e-03
 727   | 2.48027293e-04 | 2.90053802e-03
 728   | 2.42339550e-04 | 2.85165642e-03
 729   | 2.36837937e-04 | 2.80383435e-03
 730   | 2.31515419e-04 | 2.75704195e-03
 731   | 2.26365267e-04 | 2.71125034e-03
 732   | 2.21381044e-04 | 2.66643159e-03
 733   | 2.16556592e-04 | 2.62255872e-03
 734   | 2.11886015e-04 | 2.57960565e-03
 735   | 2.07363670e-04 | 2.53754716e-03
 736   | 2.02984151e-04 | 2.49635887e-03
 737   | 1.98742282e-04 | 2.45601723e-03
 738   | 1.94633102e-04 | 2.41649947e-03
 739   | 1.90651858e-04 | 2.37778356e-03
 740   | 1.86793991e-04 | 2.33984823e-03
 741   | 1.83055131e-04 | 2.30267292e-03
 742   | 1.79431088e-04 | 2.26623772e-03
 743   | 1.75917838e-04 | 2.23052343e-03
 744   | 1.72511524e-04 | 2.19551144e-03
 745   | 1.69208439e-04 | 2.16118380e-03
 746   | 1.66005028e-04 | 2.12752311e-03
 747   | 1.62897873e-04 | 2.09451258e-03
 748   | 1.59883694e-04 | 2.06213595e-03
 749   | 1.56959335e-04 | 2.03037748e-03
 750   | 1.54121766e-04 | 1.99922198e-03
 751   | 1.51368073e-04 | 1.96865473e-03
 752   | 1.48695454e-04 | 1.93866147e-03
 753   | 1.46101212e-04 | 1.90922843e-03
 754   | 1.43582755e-04 | 1.88034227e-03
 755   | 1.41137587e-04 | 1.85199007e-03
 756   | 1.38763305e-04 | 1.82415933e-03
 757   | 1.36457596e-04 | 1.79683793e-03
 758   | 1.34218233e-04 | 1.77001415e-03
 759   | 1.32043070e-04 | 1.74367663e-03
 760   | 1.29930039e-04 | 1.71781434e-03
 761   | 1.27877150e-04 | 1.69241663e-03
 762   | 1.25882481e-04 | 1.66747316e-03
 763   | 1.23944181e-04 | 1.64297389e-03
 764   | 1.22060465e-04 | 1.61890911e-03
 765   | 1.20229611e-04 | 1.59526938e-03
 766   | 1.18449958e-04 | 1.57204555e-03
 767   | 1.16719903e-04 | 1.54922876e-03
 768   | 1.15037899e-04 | 1.52681038e-03
 769   | 1.13402453e-04 | 1.50478205e-03
 770   | 1.11812124e-04 | 1.48313565e-03
 771   | 1.10265519e-04 | 1.46186328e-03
 772   | 1.08761294e-04 | 1.44095729e-03
 773   | 1.07298150e-04 | 1.42041021e-03
 774   | 1.05874833e-04 | 1.40021482e-03
 775   | 1.04490130e-04 | 1.38036407e-03
 776   | 1.03142868e-04 | 1.36085111e-03
 777   | 1.01831916e-04 | 1.34166929e-03
 778   | 1.00556178e-04 | 1.32281212e-03
 779   | 9.93145943e-05 | 1.30427330e-03
 780   | 9.81061416e-05 | 1.28604668e-03
 781   | 9.69298289e-05 | 1.26812628e-03
 782   | 9.57846979e-05 | 1.25050629e-03
 783   | 9.46698214e-05 | 1.23318104e-03
 784   | 9.35843020e-05 | 1.21614499e-03
 785   | 9.25272714e-05 | 1.19939276e-03
 786   | 9.14978890e-05 | 1.18291910e-03
 787   | 9.04953413e-05 | 1.16671889e-03
 788   | 8.95188403e-05 | 1.15078714e-03
 789   | 8.85676233e-05 | 1.13511899e-03
 790   | 8.76409515e-05 | 1.11970968e-03
 791   | 8.67381094e-05 | 1.10455458e-03
 792   | 8.58584040e-05 | 1.08964915e-03
 793   | 8.50011638e-05 | 1.07498900e-03
 794   | 8.41657383e-05 | 1.06056980e-03
 795   | 8.33514973e-05 | 1.04638734e-03
 796   | 8.25578298e-05 | 1.03243750e-03
 797   | 8.17841438e-05 | 1.01871627e-03
 798   | 8.10298656e-05 | 1.00521971e-03
 799   | 8.02944388e-05 | 9.91943981e-04
 800   | 7.95773243e-05 | 9.78885327e-04
 801   | 7.88779992e-05 | 9.66040074e-04
 802   | 7.81959566e-05 | 9.53404627e-04
 803   | 7.75307047e-05 | 9.40975469e-04
 804   | 7.68817670e-05 | 9.28749159e-04
 805   | 7.62486809e-05 | 9.16722328e-04
 806   | 7.56309978e-05 | 9.04891677e-04
 807   | 7.50282829e-05 | 8.93253979e-04
 808   | 7.44401138e-05 | 8.81806069e-04
 809   | 7.38660812e-05 | 8.70544851e-04
 810   | 7.33057876e-05 | 8.59467288e-04
 811   | 7.27588475e-05 | 8.48570407e-04
 812   | 7.22248867e-05 | 8.37851292e-04
 813   | 7.17035422e-05 | 8.27307086e-04
 814   | 7.11944615e-05 | 8.16934988e-04
 815   | 7.06973026e-05 | 8.06732251e-04
 816   | 7.02117333e-05 | 7.96696182e-04
 817   | 6.97374316e-05 | 7.86824137e-04
 818   | 6.92740843e-05 | 7.77113526e-04
 819   | 6.88213878e-05 | 7.67561803e-04
 820   | 6.83790471e-05 | 7.58166475e-04
 821   | 6.79467759e-05 | 7.48925092e-04
 822   | 6.75242960e-05 | 7.39835248e-04
 823   | 6.71113374e-05 | 7.30894584e-04
 824   | 6.67076379e-05 | 7.22100781e-04
 825   | 6.63129428e-05 | 7.13451563e-04
 826   | 6.59270048e-05 | 7.04944694e-04
 827   | 6.55495835e-05 | 6.96577979e-04
 828   | 6.51804457e-05 | 6.88349259e-04
 829   | 6.48193646e-05 | 6.80256413e-04
 830   | 6.44661201e-05 | 6.72297358e-04
 831   | 6.41204982e-05 | 6.64470045e-04
 832   | 6.37822912e-05 | 6.56772461e-04
 833   | 6.34512970e-05 | 6.49202626e-04
 834   | 6.31273196e-05 | 6.41758594e-04
 835   | 6.28101683e-05 | 6.34438448e-04
 836   | 6.24996579e-05 | 6.27240308e-04
 837   | 6.21956085e-05 | 6.20162319e-04
 838   | 6.18978452e-05 | 6.13202659e-04
 839   | 6.16061979e-05 | 6.06359534e-04
 840   | 6.13205016e-05 | 5.99631181e-04
 841   | 6.10405957e-05 | 5.93015860e-04
 842   | 6.07663243e-05 | 5.86511863e-04
 843   | 6.04975357e-05 | 5.80117506e-04
 844   | 6.02340824e-05 | 5.73831131e-04
 845   | 5.99758214e-05 | 5.67651106e-04
 846   | 5.97226133e-05 | 5.61575824e-04
 847   | 5.94743227e-05 | 5.55603700e-04
 848   | 5.92308182e-05 | 5.49733175e-04
 849   | 5.89919717e-05 | 5.43962713e-04
 850   | 5.87576589e-05 | 5.38290799e-04
 851   | 5.85277591e-05 | 5.32715941e-04
 852   | 5.83021545e-05 | 5.27236669e-04
 853   | 5.80807309e-05 | 5.21851532e-04
 854   | 5.78633773e-05 | 5.16559103e-04
 855   | 5.76499856e-05 | 5.11357973e-04
 856   | 5.74404508e-05 | 5.06246753e-04
 857   | 5.72346707e-05 | 5.01224073e-04
 858   | 5.70325461e-05 | 4.96288583e-04
 859   | 5.68339802e-05 | 4.91438950e-04
 860   | 5.66388794e-05 | 4.86673862e-04
 861   | 5.64471521e-05 | 4.81992021e-04
 862   | 5.62587096e-05 | 4.77392149e-04
 863   | 5.60734656e-05 | 4.72872984e-04
 864   | 5.58913360e-05 | 4.68433281e-04
 865   | 5.57122391e-05 | 4.64071812e-04
 866   | 5.55360955e-05 | 4.59787365e-04
 867   | 5.53628278e-05 | 4.55578742e-04
 868   | 5.51923611e-05 | 4.51444762e-04
 869   | 5.50246220e-05 | 4.47384260e-04
 870   | 5.48595395e-05 | 4.43396084e-04
 871   | 5.46970445e-05 | 4.39479097e-04
 872   | 5.45370697e-05 | 4.35632178e-04
 873   | 5.43795495e-05 | 4.31854219e-04
 874   | 5.42244205e-05 | 4.28144125e-04
 875   | 5.40716205e-05 | 4.24500816e-04
 876   | 5.39210895e-05 | 4.20923226e-04
 877   | 5.37727686e-05 | 4.17410301e-04
 878   | 5.36266011e-05 | 4.13961000e-04
 879   | 5.34825314e-05 | 4.10574296e-04
 880   | 5.33405054e-05 | 4.07249173e-04
 881   | 5.32004708e-05 | 4.03984629e-04
 882   | 5.30623765e-05 | 4.00779674e-04
 883   | 5.29261727e-05 | 3.97633331e-04
 884   | 5.27918110e-05 | 3.94544632e-04
 885   | 5.26592446e-05 | 3.91512625e-04
 886   | 5.25284276e-05 | 3.88536366e-04
 887   | 5.23993154e-05 | 3.85614925e-04
 888   | 5.22718647e-05 | 3.82747383e-04
 889   | 5.21460334e-05 | 3.79932832e-04
 890   | 5.20217804e-05 | 3.77170374e-04
 891   | 5.18990658e-05 | 3.74459125e-04
 892   | 5.17778508e-05 | 3.71798209e-04
 893   | 5.16580975e-05 | 3.69186764e-04
 894   | 5.15397692e-05 | 3.66623935e-04
 895   | 5.14228300e-05 | 3.64108881e-04
 896   | 5.13072452e-05 | 3.61640770e-04
 897   | 5.11929809e-05 | 3.59218781e-04
 898   | 5.10800040e-05 | 3.56842103e-04
 899   | 5.09682824e-05 | 3.54509935e-04
 900   | 5.08577850e-05 | 3.52221489e-04
 901   | 5.07484812e-05 | 3.49975983e-04
 902   | 5.06403415e-05 | 3.47772648e-04
 903   | 5.05333372e-05 | 3.45610725e-04
 904   | 5.04274401e-05 | 3.43489463e-04
 905   | 5.03226230e-05 | 3.41408123e-04
 906   | 5.02188594e-05 | 3.39365974e-04
 907   | 5.01161233e-05 | 3.37362298e-04
 908   | 5.00143897e-05 | 3.35396382e-04
 909   | 4.99136341e-05 | 3.33467527e-04
 910   | 4.98138326e-05 | 3.31575042e-04
 911   | 4.97149620e-05 | 3.29718245e-04
 912   | 4.96169999e-05 | 3.27896463e-04
 913   | 4.95199241e-05 | 3.26109035e-04
 914   | 4.94237134e-05 | 3.24355306e-04
 915   | 4.93283469e-05 | 3.22634634e-04
 916   | 4.92338043e-05 | 3.20946384e-04
 917   | 4.91400659e-05 | 3.19289930e-04
 918   | 4.90471126e-05 | 3.17664656e-04
 919   | 4.89549255e-05 | 3.16069955e-04
 920   | 4.88634867e-05 | 3.14505229e-04
 921   | 4.87727782e-05 | 3.12969889e-04
 922   | 4.86827830e-05 | 3.11463356e-04
 923   | 4.85934841e-05 | 3.09985056e-04
 924   | 4.85048654e-05 | 3.08534429e-04
 925   | 4.84169108e-05 | 3.07110921e-04
 926   | 4.83296049e-05 | 3.05713987e-04
 927   | 4.82429326e-05 | 3.04343090e-04
 928   | 4.81568793e-05 | 3.02997702e-04
 929   | 4.80714306e-05 | 3.01677305e-04
 930   | 4.79865727e-05 | 3.00381388e-04
 931   | 4.79022920e-05 | 2.99109448e-04
 932   | 4.78185754e-05 | 2.97860991e-04
 933   | 4.77354100e-05 | 2.96635531e-04
 934   | 4.76527833e-05 | 2.95432591e-04
 935   | 4.75706832e-05 | 2.94251701e-04
 936   | 4.74890978e-05 | 2.93092398e-04
 937   | 4.74080157e-05 | 2.91954230e-04
 938   | 4.73274255e-05 | 2.90836751e-04
 939   | 4.72473163e-05 | 2.89739522e-04
 940   | 4.71676776e-05 | 2.88662114e-04
 941   | 4.70884990e-05 | 2.87604104e-04
 942   | 4.70097703e-05 | 2.86565076e-04
 943   | 4.69314818e-05 | 2.85544623e-04
 944   | 4.68536240e-05 | 2.84542344e-04
 945   | 4.67761874e-05 | 2.83557848e-04
 946   | 4.66991630e-05 | 2.82590748e-04
 947   | 4.66225421e-05 | 2.81640665e-04
 948   | 4.65463160e-05 | 2.80707228e-04
 949   | 4.64704764e-05 | 2.79790073e-04
 950   | 4.63950150e-05 | 2.78888842e-04
 951   | 4.63199241e-05 | 2.78003185e-04
 952   | 4.62451959e-05 | 2.77132757e-04
 953   | 4.61708228e-05 | 2.76277221e-04
 954   | 4.60967975e-05 | 2.75436245e-04
 955   | 4.60231129e-05 | 2.74609507e-04
 956   | 4.59497622e-05 | 2.73796687e-04
 957   | 4.58767384e-05 | 2.72997474e-04
 958   | 4.58040350e-05 | 2.72211563e-04
 959   | 4.57316457e-05 | 2.71438654e-04
 960   | 4.56595641e-05 | 2.70678453e-04
 961   | 4.55877843e-05 | 2.69930674e-04
 962   | 4.55163003e-05 | 2.69195035e-04
 963   | 4.54451062e-05 | 2.68471259e-04
 964   | 4.53741966e-05 | 2.67759077e-04
 965   | 4.53035660e-05 | 2.67058224e-04
 966   | 4.52332090e-05 | 2.66368442e-04
 967   | 4.51631205e-05 | 2.65689476e-04
 968   | 4.50932954e-05 | 2.65021078e-04
 969   | 4.50237288e-05 | 2.64363004e-04
 970   | 4.49544159e-05 | 2.63715018e-04
 971   | 4.48853521e-05 | 2.63076886e-04
 972   | 4.48165328e-05 | 2.62448380e-04
 973   | 4.47479536e-05 | 2.61829278e-04
 974   | 4.46796103e-05 | 2.61219360e-04
 975   | 4.46114985e-05 | 2.60618414e-04
 976   | 4.45436143e-05 | 2.60026231e-04
 977   | 4.44759537e-05 | 2.59442606e-04
 978   | 4.44085128e-05 | 2.58867339e-04
 979   | 4.43412878e-05 | 2.58300235e-04
 980   | 4.42742750e-05 | 2.57741104e-04
 981   | 4.42074710e-05 | 2.57189758e-04
 982   | 4.41408722e-05 | 2.56646014e-04
 983   | 4.40744752e-05 | 2.56109694e-04
 984   | 4.40082767e-05 | 2.55580623e-04
 985   | 4.39422735e-05 | 2.55058630e-04
 986   | 4.38764625e-05 | 2.54543550e-04
 987   | 4.38108407e-05 | 2.54035217e-04
 988   | 4.37454050e-05 | 2.53533475e-04
 989   | 4.36801525e-05 | 2.53038165e-04
 990   | 4.36150805e-05 | 2.52549137e-04
 991   | 4.35501862e-05 | 2.52066241e-04
 992   | 4.34854669e-05 | 2.51589333e-04
 993   | 4.34209201e-05 | 2.51118270e-04
 994   | 4.33565432e-05 | 2.50652914e-04
 995   | 4.32923337e-05 | 2.50193130e-04
 996   | 4.32282892e-05 | 2.49738784e-04
 997   | 4.31644074e-05 | 2.49289748e-04
 998   | 4.31006860e-05 | 2.48845896e-04
 999   | 4.30371227e-05 | 2.48407105e-04
Time to run code: 9799.9796 seconds
plot save_index 999
