corner_terms_flags [[ True  True False False]
 [ True False  True False]
 [False  True False  True]
 [False False  True  True]]
corner_terms_flags [[ True  True False False]
 [ True False  True False]
 [False  True False  True]
 [False False  True  True]]
single_qubit_flags [[ True False False False]
 [False  True False False]
 [False False  True False]
 [False False False  True]]
plaquette_terms_flags [[ 1 -1 -1  1]]
QOC is saving this optimization run to ./out/00000_hamil_500_4_2_2.h5.
iter   |   total error  |    grads_l2   
=========================================
  0    | 9.52059582e-01 | 8.10284914e-02
  1    | 9.48841310e-01 | 6.23353773e-02
  2    | 9.46564527e-01 | 4.06373903e-02
  3    | 9.45328142e-01 | 1.77412699e-02
  4    | 9.45061877e-01 | 3.87512891e-03
  5    | 9.45462996e-01 | 2.15690363e-02
  6    | 9.46076294e-01 | 3.36750088e-02
  7    | 9.46523113e-01 | 4.00743436e-02
  8    | 9.46645344e-01 | 4.16267977e-02
  9    | 9.46467221e-01 | 3.93404492e-02
  10   | 9.46101059e-01 | 3.40672098e-02
  11   | 9.45680362e-01 | 2.65537111e-02
  12   | 9.45322016e-01 | 1.75569750e-02
  13   | 9.45103607e-01 | 7.90314993e-03
  14   | 9.45050588e-01 | 1.53913817e-03
  15   | 9.45135724e-01 | 9.93778444e-03
  16   | 9.45294036e-01 | 1.66370972e-02
  17   | 9.45449721e-01 | 2.12222758e-02
  18   | 9.45543493e-01 | 2.35423525e-02
  19   | 9.45548670e-01 | 2.36636558e-02
  20   | 9.45472406e-01 | 2.18077477e-02
  21   | 9.45346134e-01 | 1.83052077e-02
  22   | 9.45211448e-01 | 1.35704807e-02
  23   | 9.45106123e-01 | 8.08468336e-03
  24   | 9.45053386e-01 | 2.37116742e-03
  25   | 9.45056643e-01 | 3.05428803e-03
  26   | 9.45100900e-01 | 7.71380499e-03
  27   | 9.45160202e-01 | 1.12494340e-02
  28   | 9.45208059e-01 | 1.34352061e-02
  29   | 9.45226628e-01 | 1.41919401e-02
  30   | 9.45211401e-01 | 1.35754979e-02
  31   | 9.45170489e-01 | 1.17562847e-02
  32   | 9.45119770e-01 | 8.99643977e-03
  33   | 9.45076226e-01 | 5.62525410e-03
  34   | 9.45051880e-01 | 2.01071495e-03
  35   | 9.45050249e-01 | 1.48549910e-03
  36   | 9.45066255e-01 | 4.51430726e-03
  37   | 9.45089302e-01 | 6.81980122e-03
  38   | 9.45108023e-01 | 8.22884580e-03
  39   | 9.45114658e-01 | 8.67389161e-03
  40   | 9.45107419e-01 | 8.18966612e-03
  41   | 9.45090222e-01 | 6.90149686e-03
  42   | 9.45070286e-01 | 5.00711229e-03
  43   | 9.45054841e-01 | 2.75379692e-03
  44   | 9.45048293e-01 | 4.27226804e-04
  45   | 9.45050896e-01 | 1.78080904e-03
  46   | 9.45059266e-01 | 3.56460678e-03
  47   | 9.45068291e-01 | 4.79422692e-03
  48   | 9.45073487e-01 | 5.37794015e-03
  49   | 9.45072748e-01 | 5.30423579e-03
  50   | 9.45066843e-01 | 4.63623947e-03
  51   | 9.45058636e-01 | 3.49968449e-03
  52   | 9.45051543e-01 | 2.06630261e-03
  53   | 9.45047985e-01 | 5.56392219e-04
  54   | 9.45048491e-01 | 9.86920088e-04
  55   | 9.45051764e-01 | 2.18870326e-03
  56   | 9.45055529e-01 | 3.02956794e-03
  57   | 9.45057694e-01 | 3.43021596e-03
  58   | 9.45057252e-01 | 3.37868602e-03
  59   | 9.45054557e-01 | 2.92070596e-03
  60   | 9.45050943e-01 | 2.15108740e-03
  61   | 9.45047953e-01 | 1.20844392e-03
  62   | 9.45046593e-01 | 4.18457690e-04
  63   | 9.45046944e-01 | 9.32547733e-04
  64   | 9.45048270e-01 | 1.64771132e-03
  65   | 9.45049493e-01 | 2.12002736e-03
  66   | 9.45049759e-01 | 2.29019286e-03
  67   | 9.45048803e-01 | 2.16233218e-03
  68   | 9.45046978e-01 | 1.78838968e-03
  69   | 9.45044977e-01 | 1.26953387e-03
  70   | 9.45043430e-01 | 8.04312496e-04
  71   | 9.45042600e-01 | 7.85838438e-04
  72   | 9.45042298e-01 | 1.15417087e-03
  73   | 9.45042050e-01 | 1.50762689e-03
  74   | 9.45041363e-01 | 1.70616269e-03
  75   | 9.45039974e-01 | 1.72526150e-03
  76   | 9.45037923e-01 | 1.59831698e-03
  77   | 9.45035472e-01 | 1.40846547e-03
  78   | 9.45032907e-01 | 1.28078870e-03
  79   | 9.45030364e-01 | 1.31854480e-03
  80   | 9.45027755e-01 | 1.49897998e-03
  81   | 9.45024816e-01 | 1.71728401e-03
  82   | 9.45021241e-01 | 1.89531254e-03
  83   | 9.45016804e-01 | 2.00806460e-03
  84   | 9.45011414e-01 | 2.07316525e-03
  85   | 9.45005076e-01 | 2.13357113e-03
  86   | 9.44997799e-01 | 2.23339743e-03
  87   | 9.44989499e-01 | 2.39329399e-03
  88   | 9.44979957e-01 | 2.60340987e-03
  89   | 9.44968836e-01 | 2.83847280e-03
  90   | 9.44955741e-01 | 3.07770326e-03
  91   | 9.44940274e-01 | 3.31516781e-03
  92   | 9.44922047e-01 | 3.55916746e-03
  93   | 9.44900651e-01 | 3.82482813e-03
  94   | 9.44875598e-01 | 4.12519539e-03
  95   | 9.44846255e-01 | 4.46585475e-03
  96   | 9.44811812e-01 | 4.84538190e-03
  97   | 9.44771277e-01 | 5.25987413e-03
  98   | 9.44723472e-01 | 5.70777789e-03
  99   | 9.44667030e-01 | 6.19224339e-03
 100   | 9.44600353e-01 | 6.72051499e-03
 101   | 9.44521544e-01 | 7.30162128e-03
 102   | 9.44428311e-01 | 7.94419680e-03
 103   | 9.44317865e-01 | 8.65570637e-03
 104   | 9.44186811e-01 | 9.44320901e-03
 105   | 9.44031031e-01 | 1.03148826e-02
 106   | 9.43845532e-01 | 1.12813327e-02
 107   | 9.43624257e-01 | 1.23561419e-02
 108   | 9.43359827e-01 | 1.35557276e-02
 109   | 9.43043216e-01 | 1.48989539e-02
 110   | 9.42663363e-01 | 1.64069219e-02
 111   | 9.42206706e-01 | 1.81030522e-02
 112   | 9.41656656e-01 | 2.00132139e-02
 113   | 9.40993007e-01 | 2.21654342e-02
 114   | 9.40191332e-01 | 2.45886839e-02
 115   | 9.39222436e-01 | 2.73102903e-02
 116   | 9.38052017e-01 | 3.03515736e-02
 117   | 9.36640789e-01 | 3.37213099e-02
 118   | 9.34945401e-01 | 3.74067081e-02
 119   | 9.32920586e-01 | 4.13619163e-02
 120   | 9.30522957e-01 | 4.54948094e-02
 121   | 9.27716750e-01 | 4.96539385e-02
 122   | 9.24481465e-01 | 5.36187809e-02
 123   | 9.20820857e-01 | 5.70973138e-02
 124   | 9.16772159e-01 | 5.97349145e-02
 125   | 9.12413874e-01 | 6.11373675e-02
 126   | 9.07870198e-01 | 6.09084978e-02
 127   | 9.03310050e-01 | 5.87001210e-02
 128   | 8.98938918e-01 | 5.42691193e-02
 129   | 8.94982246e-01 | 4.75338951e-02
 130   | 8.91660156e-01 | 3.86205527e-02
 131   | 8.89155069e-01 | 2.78886025e-02
 132   | 8.87576578e-01 | 1.59307369e-02
 133   | 8.86931492e-01 | 3.69087089e-03
 134   | 8.87109981e-01 | 8.87475989e-03
 135   | 8.87898223e-01 | 1.98209883e-02
 136   | 8.89020050e-01 | 2.90985406e-02
 137   | 8.90195679e-01 | 3.63317460e-02
 138   | 8.91195236e-01 | 4.14340168e-02
 139   | 8.91869067e-01 | 4.45008708e-02
 140   | 8.92152038e-01 | 4.57139585e-02
 141   | 8.92050540e-01 | 4.52763665e-02
 142   | 8.91622635e-01 | 4.33885285e-02
 143   | 8.90957806e-01 | 4.02518781e-02
 144   | 8.90158923e-01 | 3.60817528e-02
 145   | 8.89327148e-01 | 3.11157101e-02
 146   | 8.88550070e-01 | 2.56107268e-02
 147   | 8.87893491e-01 | 1.98295481e-02
 148   | 8.87397251e-01 | 1.40220576e-02
 149   | 8.87075131e-01 | 8.41294271e-03
 150   | 8.86918205e-01 | 3.24673170e-03
 151   | 8.86900496e-01 | 2.04245429e-03
 152   | 8.86985601e-01 | 6.04097209e-03
 153   | 8.87133187e-01 | 9.56377567e-03
 154   | 8.87304593e-01 | 1.24180483e-02
 155   | 8.87467071e-01 | 1.45794865e-02
 156   | 8.87596398e-01 | 1.60641310e-02
 157   | 8.87677826e-01 | 1.69141117e-02
 158   | 8.87705618e-01 | 1.71859400e-02
 159   | 8.87681642e-01 | 1.69395715e-02
 160   | 8.87613524e-01 | 1.62320148e-02
 161   | 8.87512722e-01 | 1.51174378e-02
 162   | 8.87392676e-01 | 1.36520631e-02
 163   | 8.87267087e-01 | 1.18996286e-02
 164   | 8.87148382e-01 | 9.93344383e-03
 165   | 8.87046460e-01 | 7.83369344e-03
 166   | 8.86967877e-01 | 5.68204759e-03
 167   | 8.86915553e-01 | 3.55939016e-03
 168   | 8.86888989e-01 | 1.57521664e-03
 169   | 8.86884870e-01 | 8.15124601e-04
 170   | 8.86897896e-01 | 2.32877332e-03
 171   | 8.86921710e-01 | 3.80652913e-03
 172   | 8.86949824e-01 | 5.04062883e-03
 173   | 8.86976443e-01 | 5.98888165e-03
 174   | 8.86997105e-01 | 6.63568325e-03
 175   | 8.87009050e-01 | 6.98412142e-03
 176   | 8.87011280e-01 | 7.05215522e-03
 177   | 8.87004352e-01 | 6.86757461e-03
 178   | 8.86989999e-01 | 6.46316063e-03
 179   | 8.86970673e-01 | 5.87386269e-03
 180   | 8.86949092e-01 | 5.13639138e-03
 181   | 8.86927842e-01 | 4.29001635e-03
 182   | 8.86909058e-01 | 3.37684859e-03
 183   | 8.86894214e-01 | 2.44100115e-03
 184   | 8.86884035e-01 | 1.52952904e-03
 185   | 8.86878531e-01 | 7.20767103e-04
 186   | 8.86877135e-01 | 4.98518470e-04
 187   | 8.86878887e-01 | 1.07007876e-03
 188   | 8.86882633e-01 | 1.66574985e-03
 189   | 8.86887204e-01 | 2.16897765e-03
 190   | 8.86891563e-01 | 2.55804563e-03
 191   | 8.86894912e-01 | 2.82526674e-03
 192   | 8.86896751e-01 | 2.97046669e-03
 193   | 8.86896895e-01 | 2.99996469e-03
 194   | 8.86895433e-01 | 2.92537081e-03
 195   | 8.86892667e-01 | 2.76197313e-03
 196   | 8.86889022e-01 | 2.52799868e-03
 197   | 8.86884961e-01 | 2.24682989e-03
 198   | 8.86880904e-01 | 1.95573214e-03
 199   | 8.86877146e-01 | 1.72760517e-03
 200   | 8.86873773e-01 | 1.70084909e-03
 201   | 8.86870532e-01 | 2.04240918e-03
 202   | 8.86866590e-01 | 2.83875520e-03
 203   | 8.86860027e-01 | 4.14854998e-03
 204   | 8.86846713e-01 | 6.11973813e-03
 205   | 8.86817813e-01 | 9.03212729e-03
 206   | 8.86754313e-01 | 1.33287769e-02
 207   | 8.86615162e-01 | 1.96723902e-02
 208   | 8.86312111e-01 | 2.90326430e-02
 209   | 8.85658550e-01 | 4.28006574e-02
 210   | 8.84273858e-01 | 6.29054285e-02
 211   | 8.81431180e-01 | 9.18535108e-02
 212   | 8.75878542e-01 | 1.32477775e-01
 213   | 8.65752481e-01 | 1.86754860e-01
 214   | 8.48841497e-01 | 2.52339561e-01
 215   | 8.23580935e-01 | 3.16651084e-01
 216   | 7.90868832e-01 | 3.54094270e-01
 217   | 7.55828375e-01 | 3.37264368e-01
 218   | 7.27362011e-01 | 2.72506068e-01
 219   | 7.11789509e-01 | 2.44595294e-01
 220   | 7.04850456e-01 | 3.04866059e-01
 221   | 6.96865553e-01 | 3.86930929e-01
 222   | 6.81566815e-01 | 4.55536204e-01
 223   | 6.57606800e-01 | 5.01510468e-01
 224   | 6.26911331e-01 | 5.17148044e-01
 225   | 5.93376086e-01 | 4.96247864e-01
 226   | 5.61705163e-01 | 4.40367671e-01
 227   | 5.36077793e-01 | 3.62781814e-01
 228   | 5.19020802e-01 | 2.87710668e-01
 229   | 5.10915841e-01 | 2.44738418e-01
 230   | 5.10142936e-01 | 2.48381667e-01
 231   | 5.13805903e-01 | 2.80180895e-01
 232   | 5.18835032e-01 | 3.15045790e-01
 233   | 5.22899153e-01 | 3.40656258e-01
 234   | 5.24713983e-01 | 3.53858092e-01
 235   | 5.23847293e-01 | 3.55094923e-01
 236   | 5.20389129e-01 | 3.45297941e-01
 237   | 5.14755758e-01 | 3.24611382e-01
 238   | 5.07658669e-01 | 2.92650349e-01
 239   | 5.00091940e-01 | 2.50005832e-01
 240   | 4.93180952e-01 | 2.00455513e-01
 241   | 4.87871257e-01 | 1.53566889e-01
 242   | 4.84599200e-01 | 1.26292211e-01
 243   | 4.83152365e-01 | 1.30944289e-01
 244   | 4.82822990e-01 | 1.54985347e-01
 245   | 4.82749081e-01 | 1.79955427e-01
 246   | 4.82230090e-01 | 1.97209554e-01
 247   | 4.80883200e-01 | 2.04472073e-01
 248   | 4.78641742e-01 | 2.02123702e-01
 249   | 4.75664610e-01 | 1.91549423e-01
 250   | 4.72226130e-01 | 1.74488554e-01
 251   | 4.68630666e-01 | 1.52893786e-01
 252   | 4.65162685e-01 | 1.29195187e-01
 253   | 4.62054319e-01 | 1.06936038e-01
 254   | 4.59450047e-01 | 9.12655295e-02
 255   | 4.57372258e-01 | 8.70300523e-02
 256   | 4.55712109e-01 | 9.35022609e-02
 257   | 4.54264307e-01 | 1.04379544e-01
 258   | 4.52799074e-01 | 1.13649003e-01
 259   | 4.51141651e-01 | 1.17996560e-01
 260   | 4.49225113e-01 | 1.16421021e-01
 261   | 4.47096966e-01 | 1.09613708e-01
 262   | 4.44882723e-01 | 9.95290032e-02
 263   | 4.42727355e-01 | 8.89918395e-02
 264   | 4.40741022e-01 | 8.10326347e-02
 265   | 4.38969043e-01 | 7.76344538e-02
 266   | 4.37392356e-01 | 7.85380107e-02
 267   | 4.35950814e-01 | 8.16737725e-02
 268   | 4.34574171e-01 | 8.47738439e-02
 269   | 4.33207028e-01 | 8.63285415e-02
 270   | 4.31821298e-01 | 8.56397188e-02
 271   | 4.30417154e-01 | 8.25805733e-02
 272   | 4.29016957e-01 | 7.74001420e-02
 273   | 4.27656243e-01 | 7.06376583e-02
 274   | 4.26373841e-01 | 6.31039883e-02
 275   | 4.25202234e-01 | 5.58419983e-02
 276   | 4.24159716e-01 | 4.99459690e-02
 277   | 4.23246612e-01 | 4.61516662e-02
 278   | 4.22447098e-01 | 4.43888146e-02
 279   | 4.21736047e-01 | 4.38125086e-02
 280   | 4.21087978e-01 | 4.33816058e-02
 281   | 4.20484358e-01 | 4.23888578e-02
 282   | 4.19916605e-01 | 4.06087183e-02
 283   | 4.19384589e-01 | 3.81810150e-02
 284   | 4.18892500e-01 | 3.54030226e-02
 285   | 4.18444759e-01 | 3.25369735e-02
 286   | 4.18043750e-01 | 2.97130116e-02
 287   | 4.17689595e-01 | 2.69700897e-02
 288   | 4.17380932e-01 | 2.43937644e-02
 289   | 4.17115421e-01 | 2.22341378e-02
 290   | 4.16889465e-01 | 2.08691710e-02
 291   | 4.16697542e-01 | 2.05495773e-02
 292   | 4.16531995e-01 | 2.11216842e-02
 293   | 4.16383825e-01 | 2.20829121e-02
 294   | 4.16244273e-01 | 2.29030523e-02
 295   | 4.16106447e-01 | 2.32630343e-02
 296   | 4.15966179e-01 | 2.31165661e-02
 297   | 4.15821787e-01 | 2.26488750e-02
 298   | 4.15673003e-01 | 2.21834247e-02
 299   | 4.15519663e-01 | 2.20544607e-02
 300   | 4.15360720e-01 | 2.24776957e-02
 301   | 4.15193779e-01 | 2.34850409e-02
 302   | 4.15015094e-01 | 2.49612251e-02
 303   | 4.14819805e-01 | 2.67338521e-02
 304   | 4.14602265e-01 | 2.86452530e-02
 305   | 4.14356416e-01 | 3.05860704e-02
 306   | 4.14076166e-01 | 3.25063308e-02
 307   | 4.13755682e-01 | 3.44165821e-02
 308   | 4.13389446e-01 | 3.63789468e-02
 309   | 4.12971980e-01 | 3.84847304e-02
 310   | 4.12497259e-01 | 4.08223641e-02
 311   | 4.11958027e-01 | 4.34486154e-02
 312   | 4.11345245e-01 | 4.63770106e-02
 313   | 4.10647842e-01 | 4.95874275e-02
 314   | 4.09852770e-01 | 5.30480944e-02
 315   | 4.08945189e-01 | 5.67361601e-02
 316   | 4.07908628e-01 | 6.06473752e-02
 317   | 4.06724973e-01 | 6.47935700e-02
 318   | 4.05374306e-01 | 6.91926322e-02
 319   | 4.03834703e-01 | 7.38572406e-02
 320   | 4.02082131e-01 | 7.87865130e-02
 321   | 4.00090575e-01 | 8.39613683e-02
 322   | 3.97832481e-01 | 8.93420501e-02
 323   | 3.95279590e-01 | 9.48658067e-02
 324   | 3.92404253e-01 | 1.00443594e-01
 325   | 3.89181324e-01 | 1.05955809e-01
 326   | 3.85590732e-01 | 1.11247814e-01
 327   | 3.81620784e-01 | 1.16126500e-01
 328   | 3.77272141e-01 | 1.20359612e-01
 329   | 3.72562239e-01 | 1.23680241e-01
 330   | 3.67529669e-01 | 1.25799562e-01
 331   | 3.62237744e-01 | 1.26430954e-01
 332   | 3.56776165e-01 | 1.25327795e-01
 333   | 3.51259554e-01 | 1.22335161e-01
 334   | 3.45821750e-01 | 1.17452460e-01
 335   | 3.40605379e-01 | 1.10900170e-01
 336   | 3.35747289e-01 | 1.03178919e-01
 337   | 3.31361824e-01 | 9.51003668e-02
 338   | 3.27525117e-01 | 8.77495992e-02
 339   | 3.24264048e-01 | 8.23088299e-02
 340   | 3.21552771e-01 | 7.96917974e-02
 341   | 3.19317901e-01 | 8.01281912e-02
 342   | 3.17451114e-01 | 8.30591331e-02
 343   | 3.15826016e-01 | 8.74756017e-02
 344   | 3.14315419e-01 | 9.23666365e-02
 345   | 3.12805739e-01 | 9.69665954e-02
 346   | 3.11206631e-01 | 1.00795571e-01
 347   | 3.09455550e-01 | 1.03605721e-01
 348   | 3.07517998e-01 | 1.05310897e-01
 349   | 3.05384748e-01 | 1.05929278e-01
 350   | 3.03067292e-01 | 1.05544660e-01
 351   | 3.00592515e-01 | 1.04283256e-01
 352   | 2.97997241e-01 | 1.02300515e-01
 353   | 2.95323095e-01 | 9.97725939e-02
 354   | 2.92611955e-01 | 9.68882665e-02
 355   | 2.89902202e-01 | 9.38387435e-02
 356   | 2.87225939e-01 | 9.08046942e-02
 357   | 2.84607278e-01 | 8.79416385e-02
 358   | 2.82061697e-01 | 8.53663798e-02
 359   | 2.79596391e-01 | 8.31478094e-02
 360   | 2.77211400e-01 | 8.13047303e-02
 361   | 2.74901266e-01 | 7.98113610e-02
 362   | 2.72656936e-01 | 7.86087541e-02
 363   | 2.70467634e-01 | 7.76187660e-02
 364   | 2.68322527e-01 | 7.67572081e-02
 365   | 2.66212041e-01 | 7.59440888e-02
 366   | 2.64128786e-01 | 7.51104420e-02
 367   | 2.62068077e-01 | 7.42023001e-02
 368   | 2.60028093e-01 | 7.31826479e-02
 369   | 2.58009721e-01 | 7.20319426e-02
 370   | 2.56016150e-01 | 7.07474183e-02
 371   | 2.54052285e-01 | 6.93411982e-02
 372   | 2.52124063e-01 | 6.78373025e-02
 373   | 2.50237747e-01 | 6.62678594e-02
 374   | 2.48399279e-01 | 6.46690276e-02
 375   | 2.46613740e-01 | 6.30771984e-02
 376   | 2.44884965e-01 | 6.15259151e-02
 377   | 2.43215314e-01 | 6.00437058e-02
 378   | 2.41605602e-01 | 5.86527910e-02
 379   | 2.40055164e-01 | 5.73685045e-02
 380   | 2.38562009e-01 | 5.61992641e-02
 381   | 2.37123067e-01 | 5.51470077e-02
 382   | 2.35734455e-01 | 5.42080653e-02
 383   | 2.34391767e-01 | 5.33744234e-02
 384   | 2.33090356e-01 | 5.26352684e-02
 385   | 2.31825566e-01 | 5.19786129e-02
 386   | 2.30592938e-01 | 5.13927775e-02
 387   | 2.29388347e-01 | 5.08675383e-02
 388   | 2.28208088e-01 | 5.03948272e-02
 389   | 2.27048914e-01 | 4.99689719e-02
 390   | 2.25908024e-01 | 4.95865404e-02
 391   | 2.24783026e-01 | 4.92459049e-02
 392   | 2.23671876e-01 | 4.89466604e-02
 393   | 2.22572811e-01 | 4.86890189e-02
 394   | 2.21484286e-01 | 4.84732698e-02
 395   | 2.20404911e-01 | 4.82993508e-02
 396   | 2.19333404e-01 | 4.81665416e-02
 397   | 2.18268559e-01 | 4.80732682e-02
 398   | 2.17209224e-01 | 4.80170101e-02
 399   | 2.16154289e-01 | 4.79943112e-02
 400   | 2.15102688e-01 | 4.80009013e-02
 401   | 2.14053410e-01 | 4.80319245e-02
 402   | 2.13005512e-01 | 4.80822532e-02
 403   | 2.11958130e-01 | 4.81468401e-02
 404   | 2.10910502e-01 | 4.82210555e-02
 405   | 2.09861967e-01 | 4.83009608e-02
 406   | 2.08811975e-01 | 4.83834922e-02
 407   | 2.07760082e-01 | 4.84665507e-02
 408   | 2.06705940e-01 | 4.85490086e-02
 409   | 2.05649283e-01 | 4.86306492e-02
 410   | 2.04589908e-01 | 4.87120537e-02
 411   | 2.03527657e-01 | 4.87944432e-02
 412   | 2.02462397e-01 | 4.88794872e-02
 413   | 2.01393998e-01 | 4.89690908e-02
 414   | 2.00322319e-01 | 4.90651785e-02
 415   | 1.99247196e-01 | 4.91694962e-02
 416   | 1.98168432e-01 | 4.92834505e-02
 417   | 1.97085795e-01 | 4.94080013e-02
 418   | 1.95999017e-01 | 4.95436118e-02
 419   | 1.94907801e-01 | 4.96902571e-02
 420   | 1.93811822e-01 | 4.98474792e-02
 421   | 1.92710743e-01 | 5.00144763e-02
 422   | 1.91604216e-01 | 5.01902096e-02
 423   | 1.90491894e-01 | 5.03735127e-02
 424   | 1.89373435e-01 | 5.05631919e-02
 425   | 1.88248509e-01 | 5.07581104e-02
 426   | 1.87116799e-01 | 5.09572517e-02
 427   | 1.85978003e-01 | 5.11597619e-02
 428   | 1.84831834e-01 | 5.13649703e-02
 429   | 1.83678018e-01 | 5.15723888e-02
 430   | 1.82516295e-01 | 5.17816928e-02
 431   | 1.81346411e-01 | 5.19926880e-02
 432   | 1.80168124e-01 | 5.22052687e-02
 433   | 1.78981196e-01 | 5.24193754e-02
 434   | 1.77785394e-01 | 5.26349586e-02
 435   | 1.76580494e-01 | 5.28519526e-02
 436   | 1.75366275e-01 | 5.30702622e-02
 437   | 1.74142522e-01 | 5.32897611e-02
 438   | 1.72909031e-01 | 5.35102993e-02
 439   | 1.71665606e-01 | 5.37317167e-02
 440   | 1.70412060e-01 | 5.39538585e-02
 441   | 1.69148217e-01 | 5.41765891e-02
 442   | 1.67873914e-01 | 5.43998028e-02
 443   | 1.66588999e-01 | 5.46234278e-02
 444   | 1.65293331e-01 | 5.48474247e-02
 445   | 1.63986780e-01 | 5.50717782e-02
 446   | 1.62669229e-01 | 5.52964838e-02
 447   | 1.61340568e-01 | 5.55215327e-02
 448   | 1.60000701e-01 | 5.57468956e-02
 449   | 1.58649539e-01 | 5.59725093e-02
 450   | 1.57287005e-01 | 5.61982666e-02
 451   | 1.55913032e-01 | 5.64240111e-02
 452   | 1.54527563e-01 | 5.66495377e-02
 453   | 1.53130555e-01 | 5.68745961e-02
 454   | 1.51721976e-01 | 5.70988986e-02
 455   | 1.50301807e-01 | 5.73221287e-02
 456   | 1.48870045e-01 | 5.75439501e-02
 457   | 1.47426701e-01 | 5.77640148e-02
 458   | 1.45971804e-01 | 5.79819689e-02
 459   | 1.44505396e-01 | 5.81974566e-02
 460   | 1.43027540e-01 | 5.84101229e-02
 461   | 1.41538313e-01 | 5.86196132e-02
 462   | 1.40037814e-01 | 5.88255737e-02
 463   | 1.38526156e-01 | 5.90276490e-02
 464   | 1.37003474e-01 | 5.92254814e-02
 465   | 1.35469922e-01 | 5.94187091e-02
 466   | 1.33925670e-01 | 5.96069648e-02
 467   | 1.32370913e-01 | 5.97898755e-02
 468   | 1.30805862e-01 | 5.99670620e-02
 469   | 1.29230751e-01 | 6.01381389e-02
 470   | 1.27645834e-01 | 6.03027156e-02
 471   | 1.26051388e-01 | 6.04603976e-02
 472   | 1.24447709e-01 | 6.06107876e-02
 473   | 1.22835117e-01 | 6.07534880e-02
 474   | 1.21213953e-01 | 6.08881034e-02
 475   | 1.19584579e-01 | 6.10142429e-02
 476   | 1.17947379e-01 | 6.11315235e-02
 477   | 1.16302760e-01 | 6.12395718e-02
 478   | 1.14651148e-01 | 6.13380266e-02
 479   | 1.12992990e-01 | 6.14265394e-02
 480   | 1.11328755e-01 | 6.15047753e-02
 481   | 1.09658930e-01 | 6.15724123e-02
 482   | 1.07984023e-01 | 6.16291396e-02
 483   | 1.06304560e-01 | 6.16746561e-02
 484   | 1.04621084e-01 | 6.17086683e-02
 485   | 1.02934158e-01 | 6.17308879e-02
 486   | 1.01244361e-01 | 6.17410309e-02
 487   | 9.95522878e-02 | 6.17388158e-02
 488   | 9.78585485e-02 | 6.17239628e-02
 489   | 9.61637684e-02 | 6.16961946e-02
 490   | 9.44685866e-02 | 6.16552354e-02
 491   | 9.27736552e-02 | 6.16008125e-02
 492   | 9.10796389e-02 | 6.15326558e-02
 493   | 8.93872138e-02 | 6.14504991e-02
 494   | 8.76970669e-02 | 6.13540797e-02
 495   | 8.60098954e-02 | 6.12431389e-02
 496   | 8.43264061e-02 | 6.11174217e-02
 497   | 8.26473145e-02 | 6.09766765e-02
 498   | 8.09733443e-02 | 6.08206557e-02
 499   | 7.93052270e-02 | 6.06491145e-02
 500   | 7.76437009e-02 | 6.04618125e-02
 501   | 7.59895111e-02 | 6.02585127e-02
 502   | 7.43434084e-02 | 6.00389832e-02
 503   | 7.27061489e-02 | 5.98029978e-02
 504   | 7.10784935e-02 | 5.95503369e-02
 505   | 6.94612071e-02 | 5.92807893e-02
 506   | 6.78550582e-02 | 5.89941538e-02
 507   | 6.62608177e-02 | 5.86902411e-02
 508   | 6.46792585e-02 | 5.83688762e-02
 509   | 6.31111541e-02 | 5.80299008e-02
 510   | 6.15572781e-02 | 5.76731762e-02
 511   | 6.00184025e-02 | 5.72985868e-02
 512   | 5.84952967e-02 | 5.69060429e-02
 513   | 5.69887260e-02 | 5.64954847e-02
 514   | 5.54994495e-02 | 5.60668861e-02
 515   | 5.40282190e-02 | 5.56202582e-02
 516   | 5.25757765e-02 | 5.51556536e-02
 517   | 5.11428519e-02 | 5.46731701e-02
 518   | 4.97301612e-02 | 5.41729543e-02
 519   | 4.83384033e-02 | 5.36552057e-02
 520   | 4.69682580e-02 | 5.31201798e-02
 521   | 4.56203826e-02 | 5.25681916e-02
 522   | 4.42954094e-02 | 5.19996182e-02
 523   | 4.29939426e-02 | 5.14149014e-02
 524   | 4.17165553e-02 | 5.08145493e-02
 525   | 4.04637865e-02 | 5.01991375e-02
 526   | 3.92361379e-02 | 4.95693096e-02
 527   | 3.80340715e-02 | 4.89257763e-02
 528   | 3.68580063e-02 | 4.82693145e-02
 529   | 3.57083161e-02 | 4.76007647e-02
 530   | 3.45853268e-02 | 4.69210281e-02
 531   | 3.34893145e-02 | 4.62310622e-02
 532   | 3.24205034e-02 | 4.55318766e-02
 533   | 3.13790648e-02 | 4.48245271e-02
 534   | 3.03651154e-02 | 4.41101102e-02
 535   | 2.93787167e-02 | 4.33897563e-02
 536   | 2.84198748e-02 | 4.26646227e-02
 537   | 2.74885405e-02 | 4.19358870e-02
 538   | 2.65846094e-02 | 4.12047390e-02
 539   | 2.57079233e-02 | 4.04723741e-02
 540   | 2.48582710e-02 | 3.97399847e-02
 541   | 2.40353903e-02 | 3.90087535e-02
 542   | 2.32389702e-02 | 3.82798458e-02
 543   | 2.24686526e-02 | 3.75544023e-02
 544   | 2.17240360e-02 | 3.68335321e-02
 545   | 2.10046775e-02 | 3.61183066e-02
 546   | 2.03100965e-02 | 3.54097527e-02
 547   | 1.96397780e-02 | 3.47088474e-02
 548   | 1.89931759e-02 | 3.40165129e-02
 549   | 1.83697167e-02 | 3.33336115e-02
 550   | 1.77688034e-02 | 3.26609422e-02
 551   | 1.71898185e-02 | 3.19992368e-02
 552   | 1.66321283e-02 | 3.13491575e-02
 553   | 1.60950862e-02 | 3.07112948e-02
 554   | 1.55780360e-02 | 3.00861663e-02
 555   | 1.50803156e-02 | 2.94742157e-02
 556   | 1.46012596e-02 | 2.88758129e-02
 557   | 1.41402032e-02 | 2.82912548e-02
 558   | 1.36964843e-02 | 2.77207661e-02
 559   | 1.32694464e-02 | 2.71645018e-02
 560   | 1.28584410e-02 | 2.66225490e-02
 561   | 1.24628299e-02 | 2.60949304e-02
 562   | 1.20819869e-02 | 2.55816072e-02
 563   | 1.17152998e-02 | 2.50824836e-02
 564   | 1.13621719e-02 | 2.45974105e-02
 565   | 1.10220230e-02 | 2.41261904e-02
 566   | 1.06942910e-02 | 2.36685821e-02
 567   | 1.03784322e-02 | 2.32243056e-02
 568   | 1.00739224e-02 | 2.27930472e-02
 569   | 9.78025719e-03 | 2.23744645e-02
 570   | 9.49695231e-03 | 2.19681915e-02
 571   | 9.22354379e-03 | 2.15738430e-02
 572   | 8.95958794e-03 | 2.11910198e-02
 573   | 8.70466124e-03 | 2.08193125e-02
 574   | 8.45836008e-03 | 2.04583060e-02
 575   | 8.22030043e-03 | 2.01075827e-02
 576   | 7.99011734e-03 | 1.97667262e-02
 577   | 7.76746448e-03 | 1.94353243e-02
 578   | 7.55201349e-03 | 1.91129713e-02
 579   | 7.34345340e-03 | 1.87992704e-02
 580   | 7.14148991e-03 | 1.84938354e-02
 581   | 6.94584471e-03 | 1.81962926e-02
 582   | 6.75625471e-03 | 1.79062816e-02
 583   | 6.57247137e-03 | 1.76234564e-02
 584   | 6.39425990e-03 | 1.73474863e-02
 585   | 6.22139852e-03 | 1.70780558e-02
 586   | 6.05367780e-03 | 1.68148656e-02
 587   | 5.89089985e-03 | 1.65576319e-02
 588   | 5.73287772e-03 | 1.63060865e-02
 589   | 5.57943465e-03 | 1.60599770e-02
 590   | 5.43040349e-03 | 1.58190659e-02
 591   | 5.28562604e-03 | 1.55831302e-02
 592   | 5.14495245e-03 | 1.53519612e-02
 593   | 5.00824072e-03 | 1.51253636e-02
 594   | 4.87535610e-03 | 1.49031549e-02
 595   | 4.74617065e-03 | 1.46851650e-02
 596   | 4.62056272e-03 | 1.44712350e-02
 597   | 4.49841657e-03 | 1.42612171e-02
 598   | 4.37962189e-03 | 1.40549733e-02
 599   | 4.26407350e-03 | 1.38523754e-02
 600   | 4.15167093e-03 | 1.36533035e-02
 601   | 4.04231812e-03 | 1.34576463e-02
 602   | 3.93592313e-03 | 1.32652997e-02
 603   | 3.83239785e-03 | 1.30761665e-02
 604   | 3.73165773e-03 | 1.28901560e-02
 605   | 3.63362155e-03 | 1.27071832e-02
 606   | 3.53821124e-03 | 1.25271683e-02
 607   | 3.44535163e-03 | 1.23500366e-02
 608   | 3.35497030e-03 | 1.21757175e-02
 609   | 3.26699741e-03 | 1.20041446e-02
 610   | 3.18136553e-03 | 1.18352549e-02
 611   | 3.09800955e-03 | 1.16689890e-02
 612   | 3.01686648e-03 | 1.15052901e-02
 613   | 2.93787541e-03 | 1.13441043e-02
 614   | 2.86097736e-03 | 1.11853801e-02
 615   | 2.78611517e-03 | 1.10290682e-02
 616   | 2.71323348e-03 | 1.08751213e-02
 617   | 2.64227856e-03 | 1.07234939e-02
 618   | 2.57319832e-03 | 1.05741421e-02
 619   | 2.50594217e-03 | 1.04270236e-02
 620   | 2.44046101e-03 | 1.02820974e-02
 621   | 2.37670715e-03 | 1.01393237e-02
 622   | 2.31463425e-03 | 9.99866408e-03
 623   | 2.25419728e-03 | 9.86008093e-03
 624   | 2.19535249e-03 | 9.72353774e-03
 625   | 2.13805731e-03 | 9.58899889e-03
 626   | 2.08227040e-03 | 9.45642961e-03
 627   | 2.02795151e-03 | 9.32579593e-03
 628   | 1.97506152e-03 | 9.19706466e-03
 629   | 1.92356239e-03 | 9.07020329e-03
 630   | 1.87341711e-03 | 8.94518003e-03
 631   | 1.82458966e-03 | 8.82196375e-03
 632   | 1.77704502e-03 | 8.70052395e-03
 633   | 1.73074912e-03 | 8.58083076e-03
 634   | 1.68566881e-03 | 8.46285490e-03
 635   | 1.64177183e-03 | 8.34656772e-03
 636   | 1.59902680e-03 | 8.23194113e-03
 637   | 1.55740320e-03 | 8.11894760e-03
 638   | 1.51687133e-03 | 8.00756018e-03
 639   | 1.47740228e-03 | 7.89775247e-03
 640   | 1.43896793e-03 | 7.78949861e-03
 641   | 1.40154093e-03 | 7.68277326e-03
 642   | 1.36509466e-03 | 7.57755164e-03
 643   | 1.32960323e-03 | 7.47380947e-03
 644   | 1.29504143e-03 | 7.37152297e-03
 645   | 1.26138475e-03 | 7.27066889e-03
 646   | 1.22860933e-03 | 7.17122446e-03
 647   | 1.19669196e-03 | 7.07316740e-03
 648   | 1.16561005e-03 | 6.97647591e-03
 649   | 1.13534163e-03 | 6.88112865e-03
 650   | 1.10586531e-03 | 6.78710477e-03
 651   | 1.07716028e-03 | 6.69438383e-03
 652   | 1.04920629e-03 | 6.60294585e-03
 653   | 1.02198364e-03 | 6.51277127e-03
 654   | 9.95473154e-04 | 6.42384095e-03
 655   | 9.69656158e-04 | 6.33613615e-03
 656   | 9.44514493e-04 | 6.24963853e-03
 657   | 9.20030481e-04 | 6.16433012e-03
 658   | 8.96186914e-04 | 6.08019333e-03
 659   | 8.72967045e-04 | 5.99721092e-03
 660   | 8.50354573e-04 | 5.91536600e-03
 661   | 8.28333629e-04 | 5.83464201e-03
 662   | 8.06888765e-04 | 5.75502272e-03
 663   | 7.86004946e-04 | 5.67649222e-03
 664   | 7.65667531e-04 | 5.59903488e-03
 665   | 7.45862268e-04 | 5.52263539e-03
 666   | 7.26575281e-04 | 5.44727870e-03
 667   | 7.07793062e-04 | 5.37295006e-03
 668   | 6.89502455e-04 | 5.29963494e-03
 669   | 6.71690654e-04 | 5.22731911e-03
 670   | 6.54345186e-04 | 5.15598855e-03
 671   | 6.37453908e-04 | 5.08562952e-03
 672   | 6.21004994e-04 | 5.01622846e-03
 673   | 6.04986927e-04 | 4.94777207e-03
 674   | 5.89388493e-04 | 4.88024726e-03
 675   | 5.74198770e-04 | 4.81364114e-03
 676   | 5.59407121e-04 | 4.74794103e-03
 677   | 5.45003188e-04 | 4.68313447e-03
 678   | 5.30976879e-04 | 4.61920915e-03
 679   | 5.17318370e-04 | 4.55615300e-03
 680   | 5.04018088e-04 | 4.49395410e-03
 681   | 4.91066712e-04 | 4.43260073e-03
 682   | 4.78455162e-04 | 4.37208134e-03
 683   | 4.66174593e-04 | 4.31238455e-03
 684   | 4.54216391e-04 | 4.25349915e-03
 685   | 4.42572164e-04 | 4.19541411e-03
 686   | 4.31233740e-04 | 4.13811854e-03
 687   | 4.20193154e-04 | 4.08160174e-03
 688   | 4.09442653e-04 | 4.02585314e-03
 689   | 3.98974681e-04 | 3.97086234e-03
 690   | 3.88781879e-04 | 3.91661908e-03
 691   | 3.78857076e-04 | 3.86311327e-03
 692   | 3.69193291e-04 | 3.81033494e-03
 693   | 3.59783719e-04 | 3.75827429e-03
 694   | 3.50621733e-04 | 3.70692164e-03
 695   | 3.41700878e-04 | 3.65626749e-03
 696   | 3.33014865e-04 | 3.60630242e-03
 697   | 3.24557566e-04 | 3.55701720e-03
 698   | 3.16323013e-04 | 3.50840271e-03
 699   | 3.08305392e-04 | 3.46044995e-03
 700   | 3.00499039e-04 | 3.41315008e-03
 701   | 2.92898437e-04 | 3.36649437e-03
 702   | 2.85498209e-04 | 3.32047421e-03
 703   | 2.78293120e-04 | 3.27508114e-03
 704   | 2.71278068e-04 | 3.23030679e-03
 705   | 2.64448083e-04 | 3.18614294e-03
 706   | 2.57798326e-04 | 3.14258146e-03
 707   | 2.51324078e-04 | 3.09961436e-03
 708   | 2.45020747e-04 | 3.05723376e-03
 709   | 2.38883857e-04 | 3.01543187e-03
 710   | 2.32909047e-04 | 2.97420104e-03
 711   | 2.27092070e-04 | 2.93353372e-03
 712   | 2.21428788e-04 | 2.89342245e-03
 713   | 2.15915172e-04 | 2.85385991e-03
 714   | 2.10547294e-04 | 2.81483884e-03
 715   | 2.05321329e-04 | 2.77635212e-03
 716   | 2.00233552e-04 | 2.73839271e-03
 717   | 1.95280332e-04 | 2.70095366e-03
 718   | 1.90458135e-04 | 2.66402815e-03
 719   | 1.85763515e-04 | 2.62760942e-03
 720   | 1.81193117e-04 | 2.59169082e-03
 721   | 1.76743674e-04 | 2.55626579e-03
 722   | 1.72412001e-04 | 2.52132786e-03
 723   | 1.68194998e-04 | 2.48687064e-03
 724   | 1.64089643e-04 | 2.45288785e-03
 725   | 1.60092994e-04 | 2.41937327e-03
 726   | 1.56202184e-04 | 2.38632079e-03
 727   | 1.52414423e-04 | 2.35372435e-03
 728   | 1.48726989e-04 | 2.32157801e-03
 729   | 1.45137235e-04 | 2.28987588e-03
 730   | 1.41642581e-04 | 2.25861216e-03
 731   | 1.38240512e-04 | 2.22778113e-03
 732   | 1.34928582e-04 | 2.19737716e-03
 733   | 1.31704406e-04 | 2.16739466e-03
 734   | 1.28565661e-04 | 2.13782814e-03
 735   | 1.25510087e-04 | 2.10867218e-03
 736   | 1.22535480e-04 | 2.07992144e-03
 737   | 1.19639694e-04 | 2.05157062e-03
 738   | 1.16820640e-04 | 2.02361453e-03
 739   | 1.14076282e-04 | 1.99604802e-03
 740   | 1.11404639e-04 | 1.96886601e-03
 741   | 1.08803780e-04 | 1.94206350e-03
 742   | 1.06271825e-04 | 1.91563555e-03
 743   | 1.03806942e-04 | 1.88957727e-03
 744   | 1.01407348e-04 | 1.86388387e-03
 745   | 9.90713072e-05 | 1.83855057e-03
 746   | 9.67971279e-05 | 1.81357271e-03
 747   | 9.45831632e-05 | 1.78894563e-03
 748   | 9.24278092e-05 | 1.76466479e-03
 749   | 9.03295039e-05 | 1.74072566e-03
 750   | 8.82867265e-05 | 1.71712380e-03
 751   | 8.62979957e-05 | 1.69385480e-03
 752   | 8.43618693e-05 | 1.67091434e-03
 753   | 8.24769430e-05 | 1.64829812e-03
 754   | 8.06418491e-05 | 1.62600193e-03
 755   | 7.88552561e-05 | 1.60402158e-03
 756   | 7.71158672e-05 | 1.58235295e-03
 757   | 7.54224201e-05 | 1.56099197e-03
 758   | 7.37736853e-05 | 1.53993464e-03
 759   | 7.21684660e-05 | 1.51917698e-03
 760   | 7.06055968e-05 | 1.49871507e-03
 761   | 6.90839428e-05 | 1.47854505e-03
 762   | 6.76023995e-05 | 1.45866310e-03
 763   | 6.61598911e-05 | 1.43906546e-03
 764   | 6.47553706e-05 | 1.41974839e-03
 765   | 6.33878182e-05 | 1.40070823e-03
 766   | 6.20562415e-05 | 1.38194134e-03
 767   | 6.07596742e-05 | 1.36344415e-03
 768   | 5.94971754e-05 | 1.34521311e-03
 769   | 5.82678294e-05 | 1.32724473e-03
 770   | 5.70707446e-05 | 1.30953555e-03
 771   | 5.59050530e-05 | 1.29208218e-03
 772   | 5.47699099e-05 | 1.27488125e-03
 773   | 5.36644926e-05 | 1.25792942e-03
 774   | 5.25880007e-05 | 1.24122343e-03
 775   | 5.15396549e-05 | 1.22476002e-03
 776   | 5.05186964e-05 | 1.20853601e-03
 777   | 4.95243870e-05 | 1.19254822e-03
 778   | 4.85560078e-05 | 1.17679354e-03
 779   | 4.76128594e-05 | 1.16126887e-03
 780   | 4.66942608e-05 | 1.14597118e-03
 781   | 4.57995493e-05 | 1.13089746e-03
 782   | 4.49280798e-05 | 1.11604473e-03
 783   | 4.40792245e-05 | 1.10141006e-03
 784   | 4.32523723e-05 | 1.08699055e-03
 785   | 4.24469287e-05 | 1.07278334e-03
 786   | 4.16623148e-05 | 1.05878560e-03
 787   | 4.08979675e-05 | 1.04499452e-03
 788   | 4.01533385e-05 | 1.03140736e-03
 789   | 3.94278944e-05 | 1.01802139e-03
 790   | 3.87211160e-05 | 1.00483391e-03
 791   | 3.80324982e-05 | 9.91842253e-04
 792   | 3.73615495e-05 | 9.79043799e-04
 793   | 3.67077913e-05 | 9.66435948e-04
 794   | 3.60707582e-05 | 9.54016134e-04
 795   | 3.54499971e-05 | 9.41781819e-04
 796   | 3.48450675e-05 | 9.29730500e-04
 797   | 3.42555402e-05 | 9.17859700e-04
 798   | 3.36809981e-05 | 9.06166973e-04
 799   | 3.31210350e-05 | 8.94649904e-04
 800   | 3.25752560e-05 | 8.83306105e-04
 801   | 3.20432766e-05 | 8.72133214e-04
 802   | 3.15247227e-05 | 8.61128903e-04
 803   | 3.10192306e-05 | 8.50290865e-04
 804   | 3.05264462e-05 | 8.39616825e-04
 805   | 3.00460251e-05 | 8.29104533e-04
 806   | 2.95776321e-05 | 8.18751765e-04
 807   | 2.91209414e-05 | 8.08556325e-04
 808   | 2.86756357e-05 | 7.98516040e-04
 809   | 2.82414065e-05 | 7.88628766e-04
 810   | 2.78179538e-05 | 7.78892381e-04
 811   | 2.74049854e-05 | 7.69304790e-04
 812   | 2.70022174e-05 | 7.59863921e-04
 813   | 2.66093735e-05 | 7.50567726e-04
 814   | 2.62261850e-05 | 7.41414183e-04
 815   | 2.58523904e-05 | 7.32401291e-04
 816   | 2.54877354e-05 | 7.23527074e-04
 817   | 2.51319726e-05 | 7.14789578e-04
 818   | 2.47848615e-05 | 7.06186871e-04
 819   | 2.44461680e-05 | 6.97717045e-04
 820   | 2.41156646e-05 | 6.89378214e-04
 821   | 2.37931298e-05 | 6.81168511e-04
 822   | 2.34783482e-05 | 6.73086095e-04
 823   | 2.31711106e-05 | 6.65129142e-04
 824   | 2.28712131e-05 | 6.57295851e-04
 825   | 2.25784576e-05 | 6.49584442e-04
 826   | 2.22926516e-05 | 6.41993155e-04
 827   | 2.20136076e-05 | 6.34520250e-04
 828   | 2.17411433e-05 | 6.27164008e-04
 829   | 2.14750817e-05 | 6.19922729e-04
 830   | 2.12152503e-05 | 6.12794731e-04
 831   | 2.09614814e-05 | 6.05778355e-04
 832   | 2.07136122e-05 | 5.98871957e-04
 833   | 2.04714841e-05 | 5.92073916e-04
 834   | 2.02349431e-05 | 5.85382626e-04
 835   | 2.00038391e-05 | 5.78796502e-04
 836   | 1.97780264e-05 | 5.72313976e-04
 837   | 1.95573633e-05 | 5.65933499e-04
 838   | 1.93417121e-05 | 5.59653538e-04
 839   | 1.91309386e-05 | 5.53472580e-04
 840   | 1.89249125e-05 | 5.47389128e-04
 841   | 1.87235073e-05 | 5.41401704e-04
 842   | 1.85265995e-05 | 5.35508846e-04
 843   | 1.83340696e-05 | 5.29709108e-04
 844   | 1.81458009e-05 | 5.24001062e-04
 845   | 1.79616802e-05 | 5.18383298e-04
 846   | 1.77815974e-05 | 5.12854421e-04
 847   | 1.76054454e-05 | 5.07413051e-04
 848   | 1.74331202e-05 | 5.02057828e-04
 849   | 1.72645204e-05 | 4.96787405e-04
 850   | 1.70995477e-05 | 4.91600452e-04
 851   | 1.69381065e-05 | 4.86495654e-04
 852   | 1.67801036e-05 | 4.81471714e-04
 853   | 1.66254486e-05 | 4.76527348e-04
 854   | 1.64740537e-05 | 4.71661289e-04
 855   | 1.63258332e-05 | 4.66872285e-04
 856   | 1.61807042e-05 | 4.62159098e-04
 857   | 1.60385857e-05 | 4.57520507e-04
 858   | 1.58993992e-05 | 4.52955304e-04
 859   | 1.57630684e-05 | 4.48462298e-04
 860   | 1.56295190e-05 | 4.44040311e-04
 861   | 1.54986787e-05 | 4.39688181e-04
 862   | 1.53704774e-05 | 4.35404759e-04
 863   | 1.52448468e-05 | 4.31188911e-04
 864   | 1.51217207e-05 | 4.27039519e-04
 865   | 1.50010345e-05 | 4.22955477e-04
 866   | 1.48827255e-05 | 4.18935694e-04
 867   | 1.47667328e-05 | 4.14979093e-04
 868   | 1.46529971e-05 | 4.11084611e-04
 869   | 1.45414607e-05 | 4.07251199e-04
 870   | 1.44320677e-05 | 4.03477821e-04
 871   | 1.43247636e-05 | 3.99763456e-04
 872   | 1.42194955e-05 | 3.96107096e-04
 873   | 1.41162118e-05 | 3.92507745e-04
 874   | 1.40148627e-05 | 3.88964424e-04
 875   | 1.39153993e-05 | 3.85476163e-04
 876   | 1.38177744e-05 | 3.82042008e-04
 877   | 1.37219420e-05 | 3.78661019e-04
 878   | 1.36278575e-05 | 3.75332265e-04
 879   | 1.35354773e-05 | 3.72054833e-04
 880   | 1.34447591e-05 | 3.68827818e-04
 881   | 1.33556620e-05 | 3.65650333e-04
 882   | 1.32681459e-05 | 3.62521499e-04
 883   | 1.31821720e-05 | 3.59440453e-04
 884   | 1.30977025e-05 | 3.56406342e-04
 885   | 1.30147008e-05 | 3.53418327e-04
 886   | 1.29331311e-05 | 3.50475582e-04
 887   | 1.28529586e-05 | 3.47577291e-04
 888   | 1.27741497e-05 | 3.44722653e-04
 889   | 1.26966715e-05 | 3.41910876e-04
 890   | 1.26204921e-05 | 3.39141183e-04
 891   | 1.25455805e-05 | 3.36412808e-04
 892   | 1.24719065e-05 | 3.33724995e-04
 893   | 1.23994407e-05 | 3.31077003e-04
 894   | 1.23281546e-05 | 3.28468100e-04
 895   | 1.22580205e-05 | 3.25897566e-04
 896   | 1.21890113e-05 | 3.23364694e-04
 897   | 1.21211009e-05 | 3.20868787e-04
 898   | 1.20542636e-05 | 3.18409160e-04
 899   | 1.19884746e-05 | 3.15985138e-04
 900   | 1.19237099e-05 | 3.13596059e-04
 901   | 1.18599459e-05 | 3.11241270e-04
 902   | 1.17971597e-05 | 3.08920131e-04
 903   | 1.17353292e-05 | 3.06632010e-04
 904   | 1.16744327e-05 | 3.04376289e-04
 905   | 1.16144492e-05 | 3.02152357e-04
 906   | 1.15553583e-05 | 2.99959618e-04
 907   | 1.14971400e-05 | 2.97797481e-04
 908   | 1.14397750e-05 | 2.95665370e-04
 909   | 1.13832444e-05 | 2.93562716e-04
 910   | 1.13275300e-05 | 2.91488962e-04
 911   | 1.12726138e-05 | 2.89443560e-04
 912   | 1.12184786e-05 | 2.87425972e-04
 913   | 1.11651074e-05 | 2.85435669e-04
 914   | 1.11124839e-05 | 2.83472133e-04
 915   | 1.10605920e-05 | 2.81534855e-04
 916   | 1.10094162e-05 | 2.79623335e-04
 917   | 1.09589413e-05 | 2.77737082e-04
 918   | 1.09091526e-05 | 2.75875616e-04
 919   | 1.08600357e-05 | 2.74038463e-04
 920   | 1.08115767e-05 | 2.72225161e-04
 921   | 1.07637620e-05 | 2.70435255e-04
 922   | 1.07165783e-05 | 2.68668299e-04
 923   | 1.06700128e-05 | 2.66923857e-04
 924   | 1.06240528e-05 | 2.65201498e-04
 925   | 1.05786863e-05 | 2.63500802e-04
 926   | 1.05339012e-05 | 2.61821359e-04
 927   | 1.04896860e-05 | 2.60162762e-04
 928   | 1.04460294e-05 | 2.58524617e-04
 929   | 1.04029204e-05 | 2.56906535e-04
 930   | 1.03603484e-05 | 2.55308136e-04
 931   | 1.03183028e-05 | 2.53729047e-04
 932   | 1.02767735e-05 | 2.52168902e-04
 933   | 1.02357507e-05 | 2.50627344e-04
 934   | 1.01952246e-05 | 2.49104023e-04
 935   | 1.01551859e-05 | 2.47598595e-04
 936   | 1.01156255e-05 | 2.46110723e-04
 937   | 1.00765343e-05 | 2.44640079e-04
 938   | 1.00379037e-05 | 2.43186341e-04
 939   | 9.99972517e-06 | 2.41749191e-04
 940   | 9.96199051e-06 | 2.40328322e-04
 941   | 9.92469163e-06 | 2.38923431e-04
 942   | 9.88782067e-06 | 2.37534222e-04
 943   | 9.85136996e-06 | 2.36160405e-04
 944   | 9.81533203e-06 | 2.34801695e-04
 945   | 9.77969959e-06 | 2.33457816e-04
 946   | 9.74446555e-06 | 2.32128497e-04
 947   | 9.70962295e-06 | 2.30813470e-04
 948   | 9.67516502e-06 | 2.29512476e-04
 949   | 9.64108518e-06 | 2.28225261e-04
 950   | 9.60737697e-06 | 2.26951575e-04
 951   | 9.57403412e-06 | 2.25691176e-04
 952   | 9.54105048e-06 | 2.24443825e-04
 953   | 9.50842007e-06 | 2.23209290e-04
 954   | 9.47613703e-06 | 2.21987342e-04
 955   | 9.44419566e-06 | 2.20777759e-04
 956   | 9.41259040e-06 | 2.19580323e-04
 957   | 9.38131577e-06 | 2.18394821e-04
 958   | 9.35036649e-06 | 2.17221045e-04
 959   | 9.31973736e-06 | 2.16058792e-04
 960   | 9.28942330e-06 | 2.14907862e-04
 961   | 9.25941934e-06 | 2.13768060e-04
 962   | 9.22972066e-06 | 2.12639198e-04
 963   | 9.20032251e-06 | 2.11521088e-04
 964   | 9.17122028e-06 | 2.10413549e-04
 965   | 9.14240944e-06 | 2.09316403e-04
 966   | 9.11388557e-06 | 2.08229477e-04
 967   | 9.08564433e-06 | 2.07152601e-04
 968   | 9.05768153e-06 | 2.06085609e-04
 969   | 9.02999301e-06 | 2.05028340e-04
 970   | 9.00257473e-06 | 2.03980634e-04
 971   | 8.97542275e-06 | 2.02942337e-04
 972   | 8.94853317e-06 | 2.01913298e-04
 973   | 8.92190223e-06 | 2.00893369e-04
 974   | 8.89552620e-06 | 1.99882405e-04
 975   | 8.86940148e-06 | 1.98880266e-04
 976   | 8.84352450e-06 | 1.97886813e-04
 977   | 8.81789179e-06 | 1.96901912e-04
 978   | 8.79249994e-06 | 1.95925430e-04
 979   | 8.76734561e-06 | 1.94957240e-04
 980   | 8.74242556e-06 | 1.93997215e-04
 981   | 8.71773656e-06 | 1.93045233e-04
 982   | 8.69327550e-06 | 1.92101174e-04
 983   | 8.66903930e-06 | 1.91164919e-04
 984   | 8.64502494e-06 | 1.90236356e-04
 985   | 8.62122948e-06 | 1.89315370e-04
 986   | 8.59765002e-06 | 1.88401854e-04
 987   | 8.57428373e-06 | 1.87495700e-04
 988   | 8.55112784e-06 | 1.86596803e-04
 989   | 8.52817961e-06 | 1.85705062e-04
 990   | 8.50543637e-06 | 1.84820376e-04
 991   | 8.48289548e-06 | 1.83942648e-04
 992   | 8.46055439e-06 | 1.83071783e-04
 993   | 8.43841056e-06 | 1.82207687e-04
 994   | 8.41646153e-06 | 1.81350269e-04
 995   | 8.39470483e-06 | 1.80499441e-04
 996   | 8.37313810e-06 | 1.79655114e-04
 997   | 8.35175898e-06 | 1.78817205e-04
 998   | 8.33056518e-06 | 1.77985629e-04
 999   | 8.30955443e-06 | 1.77160306e-04
Time to run code: 12189.0136 seconds
plot save_index 999
