corner_terms_flags [[ True  True False False]
 [ True False  True False]
 [False  True False  True]
 [False False  True  True]]
corner_terms_flags [[ True  True False False]
 [ True False  True False]
 [False  True False  True]
 [False False  True  True]]
single_qubit_flags [[ True False False False]
 [False  True False False]
 [False False  True False]
 [False False False  True]]
plaquette_terms_flags [[ 1 -1 -1  1]]
QOC is saving this optimization run to ./out/00000_hamil_500_2_2_2.h5.
iter   |   total error  |    grads_l2   
=========================================
  0    | 9.52059582e-01 | 8.10284914e-02
  1    | 9.48841310e-01 | 6.23353773e-02
  2    | 9.46564527e-01 | 4.06373903e-02
  3    | 9.45328142e-01 | 1.77412699e-02
  4    | 9.45061877e-01 | 3.87512891e-03
  5    | 9.45462996e-01 | 2.15690363e-02
  6    | 9.46076294e-01 | 3.36750088e-02
  7    | 9.46523113e-01 | 4.00743436e-02
  8    | 9.46645344e-01 | 4.16267977e-02
  9    | 9.46467221e-01 | 3.93404492e-02
  10   | 9.46101059e-01 | 3.40672098e-02
  11   | 9.45680362e-01 | 2.65537111e-02
  12   | 9.45322016e-01 | 1.75569750e-02
  13   | 9.45103607e-01 | 7.90314993e-03
  14   | 9.45050588e-01 | 1.53913817e-03
  15   | 9.45135724e-01 | 9.93778444e-03
  16   | 9.45294036e-01 | 1.66370972e-02
  17   | 9.45449721e-01 | 2.12222758e-02
  18   | 9.45543493e-01 | 2.35423525e-02
  19   | 9.45548670e-01 | 2.36636558e-02
  20   | 9.45472406e-01 | 2.18077477e-02
  21   | 9.45346134e-01 | 1.83052077e-02
  22   | 9.45211448e-01 | 1.35704807e-02
  23   | 9.45106123e-01 | 8.08468336e-03
  24   | 9.45053386e-01 | 2.37116742e-03
  25   | 9.45056643e-01 | 3.05428803e-03
  26   | 9.45100900e-01 | 7.71380499e-03
  27   | 9.45160202e-01 | 1.12494340e-02
  28   | 9.45208059e-01 | 1.34352061e-02
  29   | 9.45226628e-01 | 1.41919401e-02
  30   | 9.45211401e-01 | 1.35754979e-02
  31   | 9.45170489e-01 | 1.17562847e-02
  32   | 9.45119770e-01 | 8.99643977e-03
  33   | 9.45076226e-01 | 5.62525410e-03
  34   | 9.45051880e-01 | 2.01071495e-03
  35   | 9.45050249e-01 | 1.48549910e-03
  36   | 9.45066255e-01 | 4.51430726e-03
  37   | 9.45089302e-01 | 6.81980122e-03
  38   | 9.45108023e-01 | 8.22884580e-03
  39   | 9.45114658e-01 | 8.67389161e-03
  40   | 9.45107419e-01 | 8.18966612e-03
  41   | 9.45090222e-01 | 6.90149686e-03
  42   | 9.45070286e-01 | 5.00711229e-03
  43   | 9.45054841e-01 | 2.75379692e-03
  44   | 9.45048293e-01 | 4.27226804e-04
  45   | 9.45050896e-01 | 1.78080904e-03
  46   | 9.45059266e-01 | 3.56460678e-03
  47   | 9.45068291e-01 | 4.79422692e-03
  48   | 9.45073487e-01 | 5.37794015e-03
  49   | 9.45072748e-01 | 5.30423579e-03
  50   | 9.45066843e-01 | 4.63623947e-03
  51   | 9.45058636e-01 | 3.49968449e-03
  52   | 9.45051543e-01 | 2.06630261e-03
  53   | 9.45047985e-01 | 5.56392219e-04
  54   | 9.45048491e-01 | 9.86920088e-04
  55   | 9.45051764e-01 | 2.18870326e-03
  56   | 9.45055529e-01 | 3.02956794e-03
  57   | 9.45057694e-01 | 3.43021596e-03
  58   | 9.45057252e-01 | 3.37868602e-03
  59   | 9.45054557e-01 | 2.92070596e-03
  60   | 9.45050943e-01 | 2.15108740e-03
  61   | 9.45047953e-01 | 1.20844392e-03
  62   | 9.45046593e-01 | 4.18457690e-04
  63   | 9.45046944e-01 | 9.32547733e-04
  64   | 9.45048270e-01 | 1.64771132e-03
  65   | 9.45049493e-01 | 2.12002736e-03
  66   | 9.45049759e-01 | 2.29019286e-03
  67   | 9.45048803e-01 | 2.16233218e-03
  68   | 9.45046978e-01 | 1.78838968e-03
  69   | 9.45044977e-01 | 1.26953387e-03
  70   | 9.45043430e-01 | 8.04312496e-04
  71   | 9.45042600e-01 | 7.85838438e-04
  72   | 9.45042298e-01 | 1.15417087e-03
  73   | 9.45042050e-01 | 1.50762689e-03
  74   | 9.45041363e-01 | 1.70616269e-03
  75   | 9.45039974e-01 | 1.72526150e-03
  76   | 9.45037923e-01 | 1.59831698e-03
  77   | 9.45035472e-01 | 1.40846547e-03
  78   | 9.45032907e-01 | 1.28078870e-03
  79   | 9.45030364e-01 | 1.31854480e-03
  80   | 9.45027755e-01 | 1.49897998e-03
  81   | 9.45024816e-01 | 1.71728401e-03
  82   | 9.45021241e-01 | 1.89531254e-03
  83   | 9.45016804e-01 | 2.00806460e-03
  84   | 9.45011414e-01 | 2.07316525e-03
  85   | 9.45005076e-01 | 2.13357113e-03
  86   | 9.44997799e-01 | 2.23339743e-03
  87   | 9.44989499e-01 | 2.39329399e-03
  88   | 9.44979957e-01 | 2.60340987e-03
  89   | 9.44968836e-01 | 2.83847280e-03
  90   | 9.44955741e-01 | 3.07770326e-03
  91   | 9.44940274e-01 | 3.31516781e-03
  92   | 9.44922047e-01 | 3.55916746e-03
  93   | 9.44900651e-01 | 3.82482813e-03
  94   | 9.44875598e-01 | 4.12519539e-03
  95   | 9.44846255e-01 | 4.46585475e-03
  96   | 9.44811812e-01 | 4.84538190e-03
  97   | 9.44771277e-01 | 5.25987413e-03
  98   | 9.44723472e-01 | 5.70777789e-03
  99   | 9.44667030e-01 | 6.19224339e-03
 100   | 9.44600353e-01 | 6.72051499e-03
 101   | 9.44521544e-01 | 7.30162128e-03
 102   | 9.44428311e-01 | 7.94419680e-03
 103   | 9.44317865e-01 | 8.65570637e-03
 104   | 9.44186811e-01 | 9.44320901e-03
 105   | 9.44031031e-01 | 1.03148826e-02
 106   | 9.43845532e-01 | 1.12813327e-02
 107   | 9.43624257e-01 | 1.23561419e-02
 108   | 9.43359827e-01 | 1.35557276e-02
 109   | 9.43043216e-01 | 1.48989539e-02
 110   | 9.42663363e-01 | 1.64069219e-02
 111   | 9.42206706e-01 | 1.81030522e-02
 112   | 9.41656656e-01 | 2.00132139e-02
 113   | 9.40993007e-01 | 2.21654342e-02
 114   | 9.40191332e-01 | 2.45886839e-02
 115   | 9.39222436e-01 | 2.73102903e-02
 116   | 9.38052017e-01 | 3.03515736e-02
 117   | 9.36640789e-01 | 3.37213099e-02
 118   | 9.34945401e-01 | 3.74067081e-02
 119   | 9.32920586e-01 | 4.13619163e-02
 120   | 9.30522957e-01 | 4.54948094e-02
 121   | 9.27716750e-01 | 4.96539385e-02
 122   | 9.24481465e-01 | 5.36187809e-02
 123   | 9.20820857e-01 | 5.70973138e-02
 124   | 9.16772159e-01 | 5.97349145e-02
 125   | 9.12413874e-01 | 6.11373675e-02
 126   | 9.07870198e-01 | 6.09084978e-02
 127   | 9.03310050e-01 | 5.87001210e-02
 128   | 8.98938918e-01 | 5.42691193e-02
 129   | 8.94982246e-01 | 4.75338951e-02
 130   | 8.91660156e-01 | 3.86205527e-02
 131   | 8.89155069e-01 | 2.78886025e-02
 132   | 8.87576578e-01 | 1.59307369e-02
 133   | 8.86931492e-01 | 3.69087089e-03
 134   | 8.87109981e-01 | 8.87475989e-03
 135   | 8.87898223e-01 | 1.98209883e-02
 136   | 8.89020050e-01 | 2.90985406e-02
 137   | 8.90195679e-01 | 3.63317460e-02
 138   | 8.91195236e-01 | 4.14340168e-02
 139   | 8.91869067e-01 | 4.45008708e-02
 140   | 8.92152038e-01 | 4.57139585e-02
 141   | 8.92050540e-01 | 4.52763665e-02
 142   | 8.91622635e-01 | 4.33885285e-02
 143   | 8.90957806e-01 | 4.02518781e-02
 144   | 8.90158923e-01 | 3.60817528e-02
 145   | 8.89327148e-01 | 3.11157101e-02
 146   | 8.88550070e-01 | 2.56107268e-02
 147   | 8.87893491e-01 | 1.98295481e-02
 148   | 8.87397251e-01 | 1.40220576e-02
 149   | 8.87075131e-01 | 8.41294271e-03
 150   | 8.86918205e-01 | 3.24673170e-03
 151   | 8.86900496e-01 | 2.04245429e-03
 152   | 8.86985601e-01 | 6.04097209e-03
 153   | 8.87133187e-01 | 9.56377567e-03
 154   | 8.87304593e-01 | 1.24180483e-02
 155   | 8.87467071e-01 | 1.45794865e-02
 156   | 8.87596398e-01 | 1.60641310e-02
 157   | 8.87677826e-01 | 1.69141117e-02
 158   | 8.87705618e-01 | 1.71859400e-02
 159   | 8.87681642e-01 | 1.69395715e-02
 160   | 8.87613524e-01 | 1.62320148e-02
 161   | 8.87512722e-01 | 1.51174378e-02
 162   | 8.87392676e-01 | 1.36520631e-02
 163   | 8.87267087e-01 | 1.18996286e-02
 164   | 8.87148382e-01 | 9.93344383e-03
 165   | 8.87046460e-01 | 7.83369344e-03
 166   | 8.86967877e-01 | 5.68204759e-03
 167   | 8.86915553e-01 | 3.55939016e-03
 168   | 8.86888989e-01 | 1.57521664e-03
 169   | 8.86884870e-01 | 8.15124601e-04
 170   | 8.86897896e-01 | 2.32877332e-03
 171   | 8.86921710e-01 | 3.80652913e-03
 172   | 8.86949824e-01 | 5.04062883e-03
 173   | 8.86976443e-01 | 5.98888165e-03
 174   | 8.86997105e-01 | 6.63568325e-03
 175   | 8.87009050e-01 | 6.98412142e-03
 176   | 8.87011280e-01 | 7.05215522e-03
 177   | 8.87004352e-01 | 6.86757461e-03
 178   | 8.86989999e-01 | 6.46316063e-03
 179   | 8.86970673e-01 | 5.87386269e-03
 180   | 8.86949092e-01 | 5.13639138e-03
 181   | 8.86927842e-01 | 4.29001635e-03
 182   | 8.86909058e-01 | 3.37684858e-03
 183   | 8.86894214e-01 | 2.44100110e-03
 184   | 8.86884035e-01 | 1.52952886e-03
 185   | 8.86878531e-01 | 7.20766295e-04
 186   | 8.86877135e-01 | 4.98515989e-04
 187   | 8.86878887e-01 | 1.07007631e-03
 188   | 8.86882633e-01 | 1.66574650e-03
 189   | 8.86887204e-01 | 2.16897217e-03
 190   | 8.86891563e-01 | 2.55803575e-03
 191   | 8.86894912e-01 | 2.82524767e-03
 192   | 8.86896752e-01 | 2.97042796e-03
 193   | 8.86896895e-01 | 2.99988269e-03
 194   | 8.86895434e-01 | 2.92519073e-03
 195   | 8.86892668e-01 | 2.76156397e-03
 196   | 8.86889025e-01 | 2.52703798e-03
 197   | 8.86884968e-01 | 2.24450237e-03
 198   | 8.86880919e-01 | 1.94996062e-03
 199   | 8.86877179e-01 | 1.71345472e-03
 200   | 8.86873844e-01 | 1.66958922e-03
 201   | 8.86870686e-01 | 1.98572131e-03
 202   | 8.86866923e-01 | 2.75006819e-03
 203   | 8.86860750e-01 | 4.01660185e-03
 204   | 8.86848286e-01 | 5.92509327e-03
 205   | 8.86821234e-01 | 8.74495336e-03
 206   | 8.86761746e-01 | 1.29051415e-02
 207   | 8.86631250e-01 | 1.90488899e-02
 208   | 8.86346601e-01 | 2.81204011e-02
 209   | 8.85730935e-01 | 4.14825526e-02
 210   | 8.84419361e-01 | 6.10463635e-02
 211   | 8.81701567e-01 | 8.93372468e-02
 212   | 8.76321782e-01 | 1.29260519e-01
 213   | 8.66363272e-01 | 1.82838297e-01
 214   | 8.49529968e-01 | 2.47423267e-01
 215   | 8.24265097e-01 | 3.09325267e-01
 216   | 7.91717302e-01 | 3.41225216e-01
 217   | 7.57522688e-01 | 3.14772349e-01
 218   | 7.31248529e-01 | 2.39309084e-01
 219   | 7.19786487e-01 | 2.14094545e-01
 220   | 7.18549885e-01 | 2.81474130e-01
 221   | 7.17100262e-01 | 3.57638433e-01
 222   | 7.08685863e-01 | 4.18355308e-01
 223   | 6.91259198e-01 | 4.65614342e-01
 224   | 6.65347455e-01 | 4.98162612e-01
 225   | 6.32909261e-01 | 5.08887733e-01
 226   | 5.97088325e-01 | 4.88293651e-01
 227   | 5.62138435e-01 | 4.30207040e-01
 228   | 5.32877252e-01 | 3.39048645e-01
 229   | 5.13364407e-01 | 2.38318300e-01
 230   | 5.05201611e-01 | 1.81565288e-01
 231   | 5.06610858e-01 | 2.09868536e-01
 232   | 5.13412551e-01 | 2.71356478e-01
 233   | 5.21252426e-01 | 3.22914463e-01
 234   | 5.27155061e-01 | 3.55115782e-01
 235   | 5.29758162e-01 | 3.69196657e-01
 236   | 5.28855719e-01 | 3.68559523e-01
 237   | 5.24861412e-01 | 3.56166709e-01
 238   | 5.18451031e-01 | 3.33443573e-01
 239   | 5.10440304e-01 | 3.00087993e-01
 240   | 5.01819245e-01 | 2.55232408e-01
 241   | 4.93749483e-01 | 1.99878982e-01
 242   | 4.87360681e-01 | 1.40359355e-01
 243   | 4.83379920e-01 | 9.56250514e-02
 244   | 4.81817507e-01 | 9.86896877e-02
 245   | 4.81950439e-01 | 1.36689636e-01
 246   | 4.82655016e-01 | 1.75094002e-01
 247   | 4.82882219e-01 | 2.01561072e-01
 248   | 4.81997476e-01 | 2.13636943e-01
 249   | 4.79866063e-01 | 2.12412502e-01
 250   | 4.76738992e-01 | 2.00585808e-01
 251   | 4.73050864e-01 | 1.81642976e-01
 252   | 4.69228404e-01 | 1.59201800e-01
 253   | 4.65578356e-01 | 1.36357443e-01
 254   | 4.62273409e-01 | 1.15443776e-01
 255   | 4.59395281e-01 | 9.86259476e-02
 256   | 4.56972426e-01 | 8.87096733e-02
 257   | 4.54982632e-01 | 8.80799631e-02
 258   | 4.53336861e-01 | 9.56186398e-02
 259   | 4.51878568e-01 | 1.06717118e-01
 260   | 4.50418107e-01 | 1.16559782e-01
 261   | 4.48793006e-01 | 1.21984457e-01
 262   | 4.46923706e-01 | 1.21692114e-01
 263   | 4.44834913e-01 | 1.16007139e-01
 264   | 4.42632783e-01 | 1.06548034e-01
 265   | 4.40452361e-01 | 9.57858503e-02
 266   | 4.38403188e-01 | 8.63546130e-02
 267   | 4.36538180e-01 | 8.00625803e-02
 268   | 4.34855060e-01 | 7.71070807e-02
 269   | 4.33320502e-01 | 7.63736069e-02
 270   | 4.31896943e-01 | 7.65651495e-02
 271   | 4.30556634e-01 | 7.69112869e-02
 272   | 4.29280976e-01 | 7.70589150e-02
 273   | 4.28053963e-01 | 7.66542867e-02
 274   | 4.26859949e-01 | 7.51354261e-02
 275   | 4.25689250e-01 | 7.18779764e-02
 276   | 4.24546703e-01 | 6.65201182e-02
 277   | 4.23454927e-01 | 5.92386254e-02
 278   | 4.22447656e-01 | 5.08720617e-02
 279   | 4.21555790e-01 | 4.28763536e-02
 280   | 4.20793914e-01 | 3.70010812e-02
 281   | 4.20154663e-01 | 3.43822918e-02
 282   | 4.19613322e-01 | 3.45076020e-02
 283   | 4.19139043e-01 | 3.56943118e-02
 284   | 4.18706074e-01 | 3.65053840e-02
 285   | 4.18299782e-01 | 3.62870497e-02
 286   | 4.17916287e-01 | 3.49654392e-02
 287   | 4.17558200e-01 | 3.27266422e-02
 288   | 4.17230005e-01 | 2.98060138e-02
 289   | 4.16935345e-01 | 2.64361066e-02
 290   | 4.16676266e-01 | 2.29356800e-02
 291   | 4.16453141e-01 | 1.98576180e-02
 292   | 4.16264217e-01 | 1.80027089e-02
 293   | 4.16104797e-01 | 1.79674629e-02
 294   | 4.15966926e-01 | 1.94768754e-02
 295   | 4.15840344e-01 | 2.16110922e-02
 296   | 4.15714537e-01 | 2.35614430e-02
 297   | 4.15580911e-01 | 2.49315566e-02
 298   | 4.15433972e-01 | 2.56925621e-02
 299   | 4.15271078e-01 | 2.60539208e-02
 300   | 4.15091131e-01 | 2.63198360e-02
 301   | 4.14893104e-01 | 2.67612915e-02
 302   | 4.14675076e-01 | 2.75447207e-02
 303   | 4.14433949e-01 | 2.87354591e-02
 304   | 4.14165512e-01 | 3.03404962e-02
 305   | 4.13864470e-01 | 3.23370818e-02
 306   | 4.13524297e-01 | 3.46728279e-02
 307   | 4.13137094e-01 | 3.72631869e-02
 308   | 4.12693671e-01 | 4.00103853e-02
 309   | 4.12183916e-01 | 4.28398658e-02
 310   | 4.11597203e-01 | 4.57315067e-02
 311   | 4.10922541e-01 | 4.87261487e-02
 312   | 4.10148244e-01 | 5.19041937e-02
 313   | 4.09261237e-01 | 5.53494619e-02
 314   | 4.08246273e-01 | 5.91186281e-02
 315   | 4.07085380e-01 | 6.32303075e-02
 316   | 4.05757676e-01 | 6.76733469e-02
 317   | 4.04239507e-01 | 7.24226701e-02
 318   | 4.02504754e-01 | 7.74503380e-02
 319   | 4.00525218e-01 | 8.27265900e-02
 320   | 3.98271112e-01 | 8.82130998e-02
 321   | 3.95711838e-01 | 9.38536684e-02
 322   | 3.92817231e-01 | 9.95660957e-02
 323   | 3.89559467e-01 | 1.05235938e-01
 324   | 3.85915722e-01 | 1.10711169e-01
 325   | 3.81871663e-01 | 1.15797367e-01
 326   | 3.77425701e-01 | 1.20255044e-01
 327   | 3.72593848e-01 | 1.23802585e-01
 328   | 3.67414664e-01 | 1.26129063e-01
 329   | 3.61953482e-01 | 1.26920657e-01
 330   | 3.56304634e-01 | 1.25902891e-01
 331   | 3.50590242e-01 | 1.22898500e-01
 332   | 3.44954225e-01 | 1.17897498e-01
 333   | 3.39550901e-01 | 1.11132050e-01
 334   | 3.34528818e-01 | 1.03143373e-01
 335   | 3.30012057e-01 | 9.48175644e-02
 336   | 3.26082671e-01 | 8.73426531e-02
 337   | 3.22768445e-01 | 8.20013369e-02
 338   | 3.20039303e-01 | 7.97421281e-02
 339   | 3.17813521e-01 | 8.07172595e-02
 340   | 3.15972156e-01 | 8.42221996e-02
 341   | 3.14377985e-01 | 8.91272374e-02
 342   | 3.12894516e-01 | 9.43661249e-02
 343   | 3.11401446e-01 | 9.91667640e-02
 344   | 3.09804664e-01 | 1.03064574e-01
 345   | 3.08040624e-01 | 1.05832284e-01
 346   | 3.06076110e-01 | 1.07403094e-01
 347   | 3.03904849e-01 | 1.07812306e-01
 348   | 3.01542339e-01 | 1.07159727e-01
 349   | 2.99019938e-01 | 1.05587850e-01
 350   | 2.96378878e-01 | 1.03269480e-01
 351   | 2.93664679e-01 | 1.00399193e-01
 352   | 2.90922238e-01 | 9.71845115e-02
 353   | 2.88191855e-01 | 9.38344344e-02
 354   | 2.85506362e-01 | 9.05448811e-02
 355   | 2.82889450e-01 | 8.74825233e-02
 356   | 2.80355209e-01 | 8.47700333e-02
 357   | 2.77908720e-01 | 8.24763968e-02
 358   | 2.75547480e-01 | 8.06150690e-02
 359   | 2.73263350e-01 | 7.91504948e-02
 360   | 2.71044702e-01 | 7.80109237e-02
 361   | 2.68878501e-01 | 7.71039088e-02
 362   | 2.66752114e-01 | 7.63310483e-02
 363   | 2.64654719e-01 | 7.55998722e-02
 364   | 2.62578262e-01 | 7.48322210e-02
 365   | 2.60517951e-01 | 7.39693204e-02
 366   | 2.58472322e-01 | 7.29739882e-02
 367   | 2.56442953e-01 | 7.18303966e-02
 368   | 2.54433886e-01 | 7.05418389e-02
 369   | 2.52450888e-01 | 6.91270948e-02
 370   | 2.50500643e-01 | 6.76161138e-02
 371   | 2.48589966e-01 | 6.60457091e-02
 372   | 2.46725129e-01 | 6.44557153e-02
 373   | 2.44911329e-01 | 6.28857410e-02
 374   | 2.43152328e-01 | 6.13724094e-02
 375   | 2.41450263e-01 | 5.99469514e-02
 376   | 2.39805609e-01 | 5.86331910e-02
 377   | 2.38217288e-01 | 5.74461752e-02
 378   | 2.36682872e-01 | 5.63917724e-02
 379   | 2.35198877e-01 | 5.54674065e-02
 380   | 2.33761082e-01 | 5.46637895e-02
 381   | 2.32364852e-01 | 5.39672389e-02
 382   | 2.31005435e-01 | 5.33620701e-02
 383   | 2.29678200e-01 | 5.28326528e-02
 384   | 2.28378822e-01 | 5.23649249e-02
 385   | 2.27103390e-01 | 5.19473392e-02
 386   | 2.25848472e-01 | 5.15713164e-02
 387   | 2.24611114e-01 | 5.12312912e-02
 388   | 2.23388814e-01 | 5.09244303e-02
 389   | 2.22179463e-01 | 5.06500921e-02
 390   | 2.20981273e-01 | 5.04091099e-02
 391   | 2.19792707e-01 | 5.02029994e-02
 392   | 2.18612402e-01 | 5.00331912e-02
 393   | 2.17439118e-01 | 4.99003816e-02
 394   | 2.16271691e-01 | 4.98040684e-02
 395   | 2.15109006e-01 | 4.97423181e-02
 396   | 2.13949991e-01 | 4.97117731e-02
 397   | 2.12793613e-01 | 4.97078786e-02
 398   | 2.11638898e-01 | 4.97252725e-02
 399   | 2.10484948e-01 | 4.97582605e-02
 400   | 2.09330955e-01 | 4.98012976e-02
 401   | 2.08176224e-01 | 4.98494131e-02
 402   | 2.07020179e-01 | 4.98985454e-02
 403   | 2.05862368e-01 | 4.99457739e-02
 404   | 2.04702457e-01 | 4.99894441e-02
 405   | 2.03540222e-01 | 5.00291849e-02
 406   | 2.02375522e-01 | 5.00658141e-02
 407   | 2.01208286e-01 | 5.01011371e-02
 408   | 2.00038480e-01 | 5.01376587e-02
 409   | 1.98866084e-01 | 5.01782471e-02
 410   | 1.97691067e-01 | 5.02257949e-02
 411   | 1.96513371e-01 | 5.02829219e-02
 412   | 1.95332895e-01 | 5.03517492e-02
 413   | 1.94149490e-01 | 5.04337573e-02
 414   | 1.92962952e-01 | 5.05297268e-02
 415   | 1.91773033e-01 | 5.06397526e-02
 416   | 1.90579442e-01 | 5.07633181e-02
 417   | 1.89381855e-01 | 5.08994150e-02
 418   | 1.88179929e-01 | 5.10466896e-02
 419   | 1.86973308e-01 | 5.12035983e-02
 420   | 1.85761635e-01 | 5.13685529e-02
 421   | 1.84544557e-01 | 5.15400418e-02
 422   | 1.83321730e-01 | 5.17167173e-02
 423   | 1.82092827e-01 | 5.18974472e-02
 424   | 1.80857529e-01 | 5.20813313e-02
 425   | 1.79615534e-01 | 5.22676900e-02
 426   | 1.78366549e-01 | 5.24560306e-02
 427   | 1.77110293e-01 | 5.26460022e-02
 428   | 1.75846491e-01 | 5.28373460e-02
 429   | 1.74574876e-01 | 5.30298513e-02
 430   | 1.73295188e-01 | 5.32233219e-02
 431   | 1.72007174e-01 | 5.34175573e-02
 432   | 1.70710589e-01 | 5.36123486e-02
 433   | 1.69405197e-01 | 5.38074873e-02
 434   | 1.68090772e-01 | 5.40027827e-02
 435   | 1.66767101e-01 | 5.41980837e-02
 436   | 1.65433986e-01 | 5.43932988e-02
 437   | 1.64091240e-01 | 5.45884090e-02
 438   | 1.62738692e-01 | 5.47834704e-02
 439   | 1.61376187e-01 | 5.49786037e-02
 440   | 1.60003582e-01 | 5.51739730e-02
 441   | 1.58620747e-01 | 5.53697560e-02
 442   | 1.57227565e-01 | 5.55661113e-02
 443   | 1.55823931e-01 | 5.57631481e-02
 444   | 1.54409750e-01 | 5.59609020e-02
 445   | 1.52984939e-01 | 5.61593213e-02
 446   | 1.51549424e-01 | 5.63582623e-02
 447   | 1.50103143e-01 | 5.65574959e-02
 448   | 1.48646049e-01 | 5.67567210e-02
 449   | 1.47178103e-01 | 5.69555830e-02
 450   | 1.45699284e-01 | 5.71536946e-02
 451   | 1.44209586e-01 | 5.73506537e-02
 452   | 1.42709020e-01 | 5.75460578e-02
 453   | 1.41197611e-01 | 5.77395123e-02
 454   | 1.39675408e-01 | 5.79306337e-02
 455   | 1.38142476e-01 | 5.81190470e-02
 456   | 1.36598901e-01 | 5.83043807e-02
 457   | 1.35044789e-01 | 5.84862600e-02
 458   | 1.33480267e-01 | 5.86643010e-02
 459   | 1.31905484e-01 | 5.88381059e-02
 460   | 1.30320610e-01 | 5.90072618e-02
 461   | 1.28725839e-01 | 5.91713409e-02
 462   | 1.27121386e-01 | 5.93299033e-02
 463   | 1.25507492e-01 | 5.94825015e-02
 464   | 1.23884418e-01 | 5.96286843e-02
 465   | 1.22252452e-01 | 5.97680016e-02
 466   | 1.20611907e-01 | 5.99000073e-02
 467   | 1.18963119e-01 | 6.00242621e-02
 468   | 1.17306450e-01 | 6.01403346e-02
 469   | 1.15642287e-01 | 6.02478026e-02
 470   | 1.13971041e-01 | 6.03462532e-02
 471   | 1.12293147e-01 | 6.04352828e-02
 472   | 1.10609066e-01 | 6.05144973e-02
 473   | 1.08919281e-01 | 6.05835124e-02
 474   | 1.07224298e-01 | 6.06419536e-02
 475   | 1.05524645e-01 | 6.06894561e-02
 476   | 1.03820874e-01 | 6.07256651e-02
 477   | 1.02113554e-01 | 6.07502357e-02
 478   | 1.00403278e-01 | 6.07628326e-02
 479   | 9.86906535e-02 | 6.07631297e-02
 480   | 9.69763107e-02 | 6.07508103e-02
 481   | 9.52608943e-02 | 6.07255673e-02
 482   | 9.35450661e-02 | 6.06871028e-02
 483   | 9.18295025e-02 | 6.06351289e-02
 484   | 9.01148943e-02 | 6.05693679e-02
 485   | 8.84019449e-02 | 6.04895518e-02
 486   | 8.66913698e-02 | 6.03954225e-02
 487   | 8.49838949e-02 | 6.02867310e-02
 488   | 8.32802559e-02 | 6.01632360e-02
 489   | 8.15811972e-02 | 6.00247027e-02
 490   | 7.98874709e-02 | 5.98709017e-02
 491   | 7.81998356e-02 | 5.97016074e-02
 492   | 7.65190561e-02 | 5.95165974e-02
 493   | 7.48459021e-02 | 5.93156522e-02
 494   | 7.31811476e-02 | 5.90985556e-02
 495   | 7.15255704e-02 | 5.88650957e-02
 496   | 6.98799507e-02 | 5.86150657e-02
 497   | 6.82450712e-02 | 5.83482664e-02
 498   | 6.66217159e-02 | 5.80645071e-02
 499   | 6.50106694e-02 | 5.77636078e-02
 500   | 6.34127163e-02 | 5.74454004e-02
 501   | 6.18286406e-02 | 5.71097306e-02
 502   | 6.02592243e-02 | 5.67564589e-02
 503   | 5.87052469e-02 | 5.63854626e-02
 504   | 5.71674844e-02 | 5.59966377e-02
 505   | 5.56467078e-02 | 5.55899010e-02
 506   | 5.41436820e-02 | 5.51651934e-02
 507   | 5.26591643e-02 | 5.47224829e-02
 508   | 5.11939029e-02 | 5.42617687e-02
 509   | 4.97486348e-02 | 5.37830855e-02
 510   | 4.83240843e-02 | 5.32865079e-02
 511   | 4.69209602e-02 | 5.27721547e-02
 512   | 4.55399541e-02 | 5.22401939e-02
 513   | 4.41817373e-02 | 5.16908462e-02
 514   | 4.28469587e-02 | 5.11243895e-02
 515   | 4.15362414e-02 | 5.05411619e-02
 516   | 4.02501802e-02 | 4.99415651e-02
 517   | 3.89893388e-02 | 4.93260666e-02
 518   | 3.77542460e-02 | 4.86952016e-02
 519   | 3.65453937e-02 | 4.80495740e-02
 520   | 3.53632330e-02 | 4.73898572e-02
 521   | 3.42081719e-02 | 4.67167931e-02
 522   | 3.30805727e-02 | 4.60311917e-02
 523   | 3.19807486e-02 | 4.53339281e-02
 524   | 3.09089625e-02 | 4.46259401e-02
 525   | 2.98654242e-02 | 4.39082243e-02
 526   | 2.88502889e-02 | 4.31818312e-02
 527   | 2.78636560e-02 | 4.24478602e-02
 528   | 2.69055680e-02 | 4.17074532e-02
 529   | 2.59760101e-02 | 4.09617888e-02
 530   | 2.50749099e-02 | 4.02120744e-02
 531   | 2.42021378e-02 | 3.94595398e-02
 532   | 2.33575080e-02 | 3.87054289e-02
 533   | 2.25407794e-02 | 3.79509927e-02
 534   | 2.17516574e-02 | 3.71974807e-02
 535   | 2.09897957e-02 | 3.64461343e-02
 536   | 2.02547992e-02 | 3.56981782e-02
 537   | 1.95462261e-02 | 3.49548137e-02
 538   | 1.88635913e-02 | 3.42172115e-02
 539   | 1.82063697e-02 | 3.34865050e-02
 540   | 1.75739994e-02 | 3.27637839e-02
 541   | 1.69658858e-02 | 3.20500884e-02
 542   | 1.63814048e-02 | 3.13464039e-02
 543   | 1.58199071e-02 | 3.06536558e-02
 544   | 1.52807221e-02 | 2.99727051e-02
 545   | 1.47631612e-02 | 2.93043445e-02
 546   | 1.42665224e-02 | 2.86492947e-02
 547   | 1.37900934e-02 | 2.80082016e-02
 548   | 1.33331556e-02 | 2.73816339e-02
 549   | 1.28949872e-02 | 2.67700810e-02
 550   | 1.24748668e-02 | 2.61739526e-02
 551   | 1.20720767e-02 | 2.55935772e-02
 552   | 1.16859049e-02 | 2.50292036e-02
 553   | 1.13156489e-02 | 2.44810009e-02
 554   | 1.09606174e-02 | 2.39490606e-02
 555   | 1.06201328e-02 | 2.34333995e-02
 556   | 1.02935328e-02 | 2.29339619e-02
 557   | 9.98017288e-03 | 2.24506244e-02
 558   | 9.67942689e-03 | 2.19831995e-02
 559   | 9.39068891e-03 | 2.15314409e-02
 560   | 9.11337403e-03 | 2.10950485e-02
 561   | 8.84691918e-03 | 2.06736740e-02
 562   | 8.59078372e-03 | 2.02669271e-02
 563   | 8.34444986e-03 | 1.98743808e-02
 564   | 8.10742282e-03 | 1.94955778e-02
 565   | 7.87923092e-03 | 1.91300366e-02
 566   | 7.65942541e-03 | 1.87772566e-02
 567   | 7.44758027e-03 | 1.84367244e-02
 568   | 7.24329177e-03 | 1.81079181e-02
 569   | 7.04617801e-03 | 1.77903133e-02
 570   | 6.85587832e-03 | 1.74833864e-02
 571   | 6.67205262e-03 | 1.71866193e-02
 572   | 6.49438065e-03 | 1.68995027e-02
 573   | 6.32256122e-03 | 1.66215391e-02
 574   | 6.15631135e-03 | 1.63522455e-02
 575   | 5.99536546e-03 | 1.60911553e-02
 576   | 5.83947450e-03 | 1.58378204e-02
 577   | 5.68840503e-03 | 1.55918119e-02
 578   | 5.54193839e-03 | 1.53527218e-02
 579   | 5.39986985e-03 | 1.51201628e-02
 580   | 5.26200770e-03 | 1.48937692e-02
 581   | 5.12817247e-03 | 1.46731966e-02
 582   | 4.99819613e-03 | 1.44581217e-02
 583   | 4.87192129e-03 | 1.42482423e-02
 584   | 4.74920046e-03 | 1.40432763e-02
 585   | 4.62989536e-03 | 1.38429613e-02
 586   | 4.51387626e-03 | 1.36470538e-02
 587   | 4.40102130e-03 | 1.34553281e-02
 588   | 4.29121593e-03 | 1.32675757e-02
 589   | 4.18435233e-03 | 1.30836044e-02
 590   | 4.08032890e-03 | 1.29032367e-02
 591   | 3.97904977e-03 | 1.27263095e-02
 592   | 3.88042433e-03 | 1.25526729e-02
 593   | 3.78436683e-03 | 1.23821888e-02
 594   | 3.69079599e-03 | 1.22147307e-02
 595   | 3.59963463e-03 | 1.20501820e-02
 596   | 3.51080936e-03 | 1.18884358e-02
 597   | 3.42425028e-03 | 1.17293936e-02
 598   | 3.33989070e-03 | 1.15729646e-02
 599   | 3.25766689e-03 | 1.14190654e-02
 600   | 3.17751786e-03 | 1.12676186e-02
 601   | 3.09938515e-03 | 1.11185527e-02
 602   | 3.02321266e-03 | 1.09718015e-02
 603   | 2.94894645e-03 | 1.08273032e-02
 604   | 2.87653461e-03 | 1.06850002e-02
 605   | 2.80592714e-03 | 1.05448387e-02
 606   | 2.73707578e-03 | 1.04067682e-02
 607   | 2.66993393e-03 | 1.02707409e-02
 608   | 2.60445656e-03 | 1.01367119e-02
 609   | 2.54060009e-03 | 1.00046384e-02
 610   | 2.47832232e-03 | 9.87447975e-03
 611   | 2.41758236e-03 | 9.74619708e-03
 612   | 2.35834056e-03 | 9.61975317e-03
 613   | 2.30055845e-03 | 9.49511223e-03
 614   | 2.24419870e-03 | 9.37223978e-03
 615   | 2.18922503e-03 | 9.25110251e-03
 616   | 2.13560220e-03 | 9.13166813e-03
 617   | 2.08329598e-03 | 9.01390537e-03
 618   | 2.03227306e-03 | 8.89778379e-03
 619   | 1.98250106e-03 | 8.78327379e-03
 620   | 1.93394850e-03 | 8.67034651e-03
 621   | 1.88658471e-03 | 8.55897382e-03
 622   | 1.84037989e-03 | 8.44912824e-03
 623   | 1.79530502e-03 | 8.34078295e-03
 624   | 1.75133184e-03 | 8.23391173e-03
 625   | 1.70843287e-03 | 8.12848897e-03
 626   | 1.66658133e-03 | 8.02448961e-03
 627   | 1.62575116e-03 | 7.92188919e-03
 628   | 1.58591699e-03 | 7.82066378e-03
 629   | 1.54705411e-03 | 7.72079001e-03
 630   | 1.50913846e-03 | 7.62224504e-03
 631   | 1.47214661e-03 | 7.52500656e-03
 632   | 1.43605573e-03 | 7.42905278e-03
 633   | 1.40084360e-03 | 7.33436243e-03
 634   | 1.36648858e-03 | 7.24091474e-03
 635   | 1.33296958e-03 | 7.14868943e-03
 636   | 1.30026606e-03 | 7.05766671e-03
 637   | 1.26835803e-03 | 6.96782726e-03
 638   | 1.23722598e-03 | 6.87915223e-03
 639   | 1.20685093e-03 | 6.79162323e-03
 640   | 1.17721439e-03 | 6.70522231e-03
 641   | 1.14829832e-03 | 6.61993196e-03
 642   | 1.12008517e-03 | 6.53573508e-03
 643   | 1.09255783e-03 | 6.45261499e-03
 644   | 1.06569960e-03 | 6.37055543e-03
 645   | 1.03949425e-03 | 6.28954049e-03
 646   | 1.01392592e-03 | 6.20955467e-03
 647   | 9.88979170e-04 | 6.13058282e-03
 648   | 9.64638952e-04 | 6.05261014e-03
 649   | 9.40890589e-04 | 5.97562217e-03
 650   | 9.17719771e-04 | 5.89960479e-03
 651   | 8.95112549e-04 | 5.82454417e-03
 652   | 8.73055321e-04 | 5.75042680e-03
 653   | 8.51534823e-04 | 5.67723945e-03
 654   | 8.30538119e-04 | 5.60496917e-03
 655   | 8.10052592e-04 | 5.53360328e-03
 656   | 7.90065939e-04 | 5.46312935e-03
 657   | 7.70566158e-04 | 5.39353521e-03
 658   | 7.51541541e-04 | 5.32480890e-03
 659   | 7.32980667e-04 | 5.25693872e-03
 660   | 7.14872394e-04 | 5.18991316e-03
 661   | 6.97205852e-04 | 5.12372094e-03
 662   | 6.79970435e-04 | 5.05835098e-03
 663   | 6.63155794e-04 | 4.99379239e-03
 664   | 6.46751832e-04 | 4.93003448e-03
 665   | 6.30748694e-04 | 4.86706674e-03
 666   | 6.15136765e-04 | 4.80487884e-03
 667   | 5.99906661e-04 | 4.74346061e-03
 668   | 5.85049222e-04 | 4.68280209e-03
 669   | 5.70555512e-04 | 4.62289343e-03
 670   | 5.56416806e-04 | 4.56372499e-03
 671   | 5.42624590e-04 | 4.50528727e-03
 672   | 5.29170551e-04 | 4.44757092e-03
 673   | 5.16046579e-04 | 4.39056674e-03
 674   | 5.03244753e-04 | 4.33426569e-03
 675   | 4.90757346e-04 | 4.27865888e-03
 676   | 4.78576810e-04 | 4.22373755e-03
 677   | 4.66695780e-04 | 4.16949307e-03
 678   | 4.55107067e-04 | 4.11591697e-03
 679   | 4.43803649e-04 | 4.06300091e-03
 680   | 4.32778675e-04 | 4.01073665e-03
 681   | 4.22025455e-04 | 3.95911612e-03
 682   | 4.11537456e-04 | 3.90813134e-03
 683   | 4.01308303e-04 | 3.85777447e-03
 684   | 3.91331772e-04 | 3.80803779e-03
 685   | 3.81601783e-04 | 3.75891369e-03
 686   | 3.72112403e-04 | 3.71039468e-03
 687   | 3.62857840e-04 | 3.66247337e-03
 688   | 3.53832437e-04 | 3.61514248e-03
 689   | 3.45030673e-04 | 3.56839486e-03
 690   | 3.36447155e-04 | 3.52222343e-03
 691   | 3.28076620e-04 | 3.47662123e-03
 692   | 3.19913929e-04 | 3.43158141e-03
 693   | 3.11954063e-04 | 3.38709718e-03
 694   | 3.04192124e-04 | 3.34316189e-03
 695   | 2.96623328e-04 | 3.29976895e-03
 696   | 2.89243005e-04 | 3.25691187e-03
 697   | 2.82046595e-04 | 3.21458425e-03
 698   | 2.75029645e-04 | 3.17277978e-03
 699   | 2.68187810e-04 | 3.13149224e-03
 700   | 2.61516846e-04 | 3.09071548e-03
 701   | 2.55012607e-04 | 3.05044343e-03
 702   | 2.48671050e-04 | 3.01067012e-03
 703   | 2.42488223e-04 | 2.97138964e-03
 704   | 2.36460271e-04 | 2.93259616e-03
 705   | 2.30583428e-04 | 2.89428394e-03
 706   | 2.24854018e-04 | 2.85644729e-03
 707   | 2.19268451e-04 | 2.81908062e-03
 708   | 2.13823224e-04 | 2.78217838e-03
 709   | 2.08514915e-04 | 2.74573513e-03
 710   | 2.03340184e-04 | 2.70974545e-03
 711   | 1.98295770e-04 | 2.67420404e-03
 712   | 1.93378488e-04 | 2.63910563e-03
 713   | 1.88585232e-04 | 2.60444503e-03
 714   | 1.83912966e-04 | 2.57021711e-03
 715   | 1.79358727e-04 | 2.53641681e-03
 716   | 1.74919623e-04 | 2.50303912e-03
 717   | 1.70592831e-04 | 2.47007911e-03
 718   | 1.66375594e-04 | 2.43753190e-03
 719   | 1.62265221e-04 | 2.40539268e-03
 720   | 1.58259085e-04 | 2.37365667e-03
 721   | 1.54354621e-04 | 2.34231919e-03
 722   | 1.50549326e-04 | 2.31137558e-03
 723   | 1.46840757e-04 | 2.28082125e-03
 724   | 1.43226526e-04 | 2.25065169e-03
 725   | 1.39704306e-04 | 2.22086240e-03
 726   | 1.36271824e-04 | 2.19144896e-03
 727   | 1.32926859e-04 | 2.16240701e-03
 728   | 1.29667247e-04 | 2.13373222e-03
 729   | 1.26490873e-04 | 2.10542033e-03
 730   | 1.23395673e-04 | 2.07746711e-03
 731   | 1.20379633e-04 | 2.04986840e-03
 732   | 1.17440787e-04 | 2.02262009e-03
 733   | 1.14577216e-04 | 1.99571809e-03
 734   | 1.11787047e-04 | 1.96915840e-03
 735   | 1.09068452e-04 | 1.94293702e-03
 736   | 1.06419647e-04 | 1.91705004e-03
 737   | 1.03838891e-04 | 1.89149357e-03
 738   | 1.01324483e-04 | 1.86626377e-03
 739   | 9.88747665e-05 | 1.84135684e-03
 740   | 9.64881219e-05 | 1.81676904e-03
 741   | 9.41629699e-05 | 1.79249665e-03
 742   | 9.18977692e-05 | 1.76853601e-03
 743   | 8.96910154e-05 | 1.74488349e-03
 744   | 8.75412408e-05 | 1.72153552e-03
 745   | 8.54470130e-05 | 1.69848854e-03
 746   | 8.34069343e-05 | 1.67573906e-03
 747   | 8.14196408e-05 | 1.65328361e-03
 748   | 7.94838019e-05 | 1.63111877e-03
 749   | 7.75981189e-05 | 1.60924115e-03
 750   | 7.57613252e-05 | 1.58764740e-03
 751   | 7.39721844e-05 | 1.56633422e-03
 752   | 7.22294906e-05 | 1.54529833e-03
 753   | 7.05320671e-05 | 1.52453650e-03
 754   | 6.88787659e-05 | 1.50404552e-03
 755   | 6.72684672e-05 | 1.48382223e-03
 756   | 6.57000782e-05 | 1.46386350e-03
 757   | 6.41725331e-05 | 1.44416624e-03
 758   | 6.26847921e-05 | 1.42472738e-03
 759   | 6.12358409e-05 | 1.40554389e-03
 760   | 5.98246900e-05 | 1.38661279e-03
 761   | 5.84503743e-05 | 1.36793111e-03
 762   | 5.71119523e-05 | 1.34949593e-03
 763   | 5.58085057e-05 | 1.33130435e-03
 764   | 5.45391389e-05 | 1.31335351e-03
 765   | 5.33029782e-05 | 1.29564058e-03
 766   | 5.20991717e-05 | 1.27816275e-03
 767   | 5.09268882e-05 | 1.26091727e-03
 768   | 4.97853174e-05 | 1.24390138e-03
 769   | 4.86736689e-05 | 1.22711238e-03
 770   | 4.75911718e-05 | 1.21054759e-03
 771   | 4.65370744e-05 | 1.19420437e-03
 772   | 4.55106437e-05 | 1.17808009e-03
 773   | 4.45111649e-05 | 1.16217216e-03
 774   | 4.35379410e-05 | 1.14647802e-03
 775   | 4.25902922e-05 | 1.13099513e-03
 776   | 4.16675559e-05 | 1.11572099e-03
 777   | 4.07690860e-05 | 1.10065311e-03
 778   | 3.98942523e-05 | 1.08578905e-03
 779   | 3.90424407e-05 | 1.07112638e-03
 780   | 3.82130521e-05 | 1.05666270e-03
 781   | 3.74055029e-05 | 1.04239563e-03
 782   | 3.66192238e-05 | 1.02832284e-03
 783   | 3.58536598e-05 | 1.01444199e-03
 784   | 3.51082701e-05 | 1.00075080e-03
 785   | 3.43825274e-05 | 9.87246987e-04
 786   | 3.36759175e-05 | 9.73928312e-04
 787   | 3.29879395e-05 | 9.60792550e-04
 788   | 3.23181050e-05 | 9.47837506e-04
 789   | 3.16659379e-05 | 9.35061005e-04
 790   | 3.10309744e-05 | 9.22460898e-04
 791   | 3.04127621e-05 | 9.10035059e-04
 792   | 2.98108604e-05 | 8.97781384e-04
 793   | 2.92248397e-05 | 8.85697793e-04
 794   | 2.86542815e-05 | 8.73782230e-04
 795   | 2.80987779e-05 | 8.62032658e-04
 796   | 2.75579312e-05 | 8.50447064e-04
 797   | 2.70313541e-05 | 8.39023459e-04
 798   | 2.65186692e-05 | 8.27759871e-04
 799   | 2.60195086e-05 | 8.16654354e-04
 800   | 2.55335140e-05 | 8.05704980e-04
 801   | 2.50603361e-05 | 7.94909844e-04
 802   | 2.45996348e-05 | 7.84267060e-04
 803   | 2.41510785e-05 | 7.73774763e-04
 804   | 2.37143442e-05 | 7.63431110e-04
 805   | 2.32891175e-05 | 7.53234276e-04
 806   | 2.28750916e-05 | 7.43182457e-04
 807   | 2.24719681e-05 | 7.33273866e-04
 808   | 2.20794561e-05 | 7.23506739e-04
 809   | 2.16972723e-05 | 7.13879329e-04
 810   | 2.13251405e-05 | 7.04389908e-04
 811   | 2.09627921e-05 | 6.95036768e-04
 812   | 2.06099651e-05 | 6.85818218e-04
 813   | 2.02664044e-05 | 6.76732586e-04
 814   | 1.99318618e-05 | 6.67778218e-04
 815   | 1.96060952e-05 | 6.58953477e-04
 816   | 1.92888691e-05 | 6.50256745e-04
 817   | 1.89799540e-05 | 6.41686422e-04
 818   | 1.86791264e-05 | 6.33240922e-04
 819   | 1.83861687e-05 | 6.24918680e-04
 820   | 1.81008690e-05 | 6.16718146e-04
 821   | 1.78230210e-05 | 6.08637786e-04
 822   | 1.75524238e-05 | 6.00676083e-04
 823   | 1.72888817e-05 | 5.92831538e-04
 824   | 1.70322042e-05 | 5.85102666e-04
 825   | 1.67822060e-05 | 5.77487998e-04
 826   | 1.65387063e-05 | 5.69986082e-04
 827   | 1.63015295e-05 | 5.62595481e-04
 828   | 1.60705044e-05 | 5.55314772e-04
 829   | 1.58454644e-05 | 5.48142550e-04
 830   | 1.56262473e-05 | 5.41077422e-04
 831   | 1.54126952e-05 | 5.34118012e-04
 832   | 1.52046544e-05 | 5.27262958e-04
 833   | 1.50019754e-05 | 5.20510912e-04
 834   | 1.48045124e-05 | 5.13860541e-04
 835   | 1.46121238e-05 | 5.07310526e-04
 836   | 1.44246717e-05 | 5.00859561e-04
 837   | 1.42420216e-05 | 4.94506355e-04
 838   | 1.40640431e-05 | 4.88249630e-04
 839   | 1.38906088e-05 | 4.82088122e-04
 840   | 1.37215951e-05 | 4.76020579e-04
 841   | 1.35568814e-05 | 4.70045765e-04
 842   | 1.33963506e-05 | 4.64162454e-04
 843   | 1.32398887e-05 | 4.58369435e-04
 844   | 1.30873846e-05 | 4.52665507e-04
 845   | 1.29387303e-05 | 4.47049485e-04
 846   | 1.27938207e-05 | 4.41520193e-04
 847   | 1.26525537e-05 | 4.36076471e-04
 848   | 1.25148297e-05 | 4.30717168e-04
 849   | 1.23805519e-05 | 4.25441145e-04
 850   | 1.22496262e-05 | 4.20247277e-04
 851   | 1.21219609e-05 | 4.15134450e-04
 852   | 1.19974670e-05 | 4.10101560e-04
 853   | 1.18760577e-05 | 4.05147516e-04
 854   | 1.17576487e-05 | 4.00271237e-04
 855   | 1.16421579e-05 | 3.95471655e-04
 856   | 1.15295055e-05 | 3.90747712e-04
 857   | 1.14196139e-05 | 3.86098361e-04
 858   | 1.13124076e-05 | 3.81522564e-04
 859   | 1.12078130e-05 | 3.77019298e-04
 860   | 1.11057588e-05 | 3.72587546e-04
 861   | 1.10061755e-05 | 3.68226303e-04
 862   | 1.09089956e-05 | 3.63934577e-04
 863   | 1.08141531e-05 | 3.59711382e-04
 864   | 1.07215844e-05 | 3.55555745e-04
 865   | 1.06312271e-05 | 3.51466702e-04
 866   | 1.05430208e-05 | 3.47443298e-04
 867   | 1.04569068e-05 | 3.43484590e-04
 868   | 1.03728278e-05 | 3.39589643e-04
 869   | 1.02907284e-05 | 3.35757533e-04
 870   | 1.02105543e-05 | 3.31987343e-04
 871   | 1.01322531e-05 | 3.28278169e-04
 872   | 1.00557736e-05 | 3.24629113e-04
 873   | 9.98106624e-06 | 3.21039288e-04
 874   | 9.90808257e-06 | 3.17507817e-04
 875   | 9.83677565e-06 | 3.14033830e-04
 876   | 9.76709981e-06 | 3.10616468e-04
 877   | 9.69901064e-06 | 3.07254880e-04
 878   | 9.63246497e-06 | 3.03948223e-04
 879   | 9.56742084e-06 | 3.00695665e-04
 880   | 9.50383744e-06 | 2.97496381e-04
 881   | 9.44167508e-06 | 2.94349555e-04
 882   | 9.38089524e-06 | 2.91254382e-04
 883   | 9.32146040e-06 | 2.88210061e-04
 884   | 9.26333415e-06 | 2.85215803e-04
 885   | 9.20648106e-06 | 2.82270827e-04
 886   | 9.15086670e-06 | 2.79374359e-04
 887   | 9.09645759e-06 | 2.76525636e-04
 888   | 9.04322123e-06 | 2.73723900e-04
 889   | 8.99112598e-06 | 2.70968404e-04
 890   | 8.94014112e-06 | 2.68258407e-04
 891   | 8.89023676e-06 | 2.65593179e-04
 892   | 8.84138390e-06 | 2.62971995e-04
 893   | 8.79355430e-06 | 2.60394140e-04
 894   | 8.74672055e-06 | 2.57858907e-04
 895   | 8.70085599e-06 | 2.55365597e-04
 896   | 8.65593473e-06 | 2.52913519e-04
 897   | 8.61193157e-06 | 2.50501988e-04
 898   | 8.56882206e-06 | 2.48130330e-04
 899   | 8.52658244e-06 | 2.45797877e-04
 900   | 8.48518959e-06 | 2.43503969e-04
 901   | 8.44462106e-06 | 2.41247955e-04
 902   | 8.40485502e-06 | 2.39029191e-04
 903   | 8.36587028e-06 | 2.36847041e-04
 904   | 8.32764622e-06 | 2.34700876e-04
 905   | 8.29016282e-06 | 2.32590075e-04
 906   | 8.25340064e-06 | 2.30514026e-04
 907   | 8.21734075e-06 | 2.28472123e-04
 908   | 8.18196480e-06 | 2.26463768e-04
 909   | 8.14725489e-06 | 2.24488372e-04
 910   | 8.11319371e-06 | 2.22545352e-04
 911   | 8.07976440e-06 | 2.20634133e-04
 912   | 8.04695057e-06 | 2.18754148e-04
 913   | 8.01473630e-06 | 2.16904836e-04
 914   | 7.98310613e-06 | 2.15085647e-04
 915   | 7.95204503e-06 | 2.13296034e-04
 916   | 7.92153838e-06 | 2.11535461e-04
 917   | 7.89157202e-06 | 2.09803396e-04
 918   | 7.86213213e-06 | 2.08099319e-04
 919   | 7.83320535e-06 | 2.06422713e-04
 920   | 7.80477861e-06 | 2.04773071e-04
 921   | 7.77683932e-06 | 2.03149891e-04
 922   | 7.74937514e-06 | 2.01552681e-04
 923   | 7.72237416e-06 | 1.99980954e-04
 924   | 7.69582475e-06 | 1.98434231e-04
 925   | 7.66971565e-06 | 1.96912040e-04
 926   | 7.64403590e-06 | 1.95413918e-04
 927   | 7.61877484e-06 | 1.93939405e-04
 928   | 7.59392212e-06 | 1.92488051e-04
 929   | 7.56946772e-06 | 1.91059413e-04
 930   | 7.54540184e-06 | 1.89653054e-04
 931   | 7.52171499e-06 | 1.88268545e-04
 932   | 7.49839796e-06 | 1.86905462e-04
 933   | 7.47544177e-06 | 1.85563390e-04
 934   | 7.45283772e-06 | 1.84241919e-04
 935   | 7.43057732e-06 | 1.82940647e-04
 936   | 7.40865238e-06 | 1.81659177e-04
 937   | 7.38705487e-06 | 1.80397122e-04
 938   | 7.36577704e-06 | 1.79154098e-04
 939   | 7.34481133e-06 | 1.77929729e-04
 940   | 7.32415040e-06 | 1.76723645e-04
 941   | 7.30378712e-06 | 1.75535485e-04
 942   | 7.28371456e-06 | 1.74364890e-04
 943   | 7.26392597e-06 | 1.73211510e-04
 944   | 7.24441482e-06 | 1.72075002e-04
 945   | 7.22517472e-06 | 1.70955027e-04
 946   | 7.20619950e-06 | 1.69851253e-04
 947   | 7.18748314e-06 | 1.68763355e-04
 948   | 7.16901978e-06 | 1.67691013e-04
 949   | 7.15080375e-06 | 1.66633913e-04
 950   | 7.13282952e-06 | 1.65591747e-04
 951   | 7.11509172e-06 | 1.64564214e-04
 952   | 7.09758512e-06 | 1.63551016e-04
 953   | 7.08030465e-06 | 1.62551863e-04
 954   | 7.06324536e-06 | 1.61566471e-04
 955   | 7.04640247e-06 | 1.60594559e-04
 956   | 7.02977128e-06 | 1.59635854e-04
 957   | 7.01334728e-06 | 1.58690088e-04
 958   | 6.99712604e-06 | 1.57756996e-04
 959   | 6.98110326e-06 | 1.56836322e-04
 960   | 6.96527477e-06 | 1.55927812e-04
 961   | 6.94963652e-06 | 1.55031218e-04
 962   | 6.93418454e-06 | 1.54146300e-04
 963   | 6.91891501e-06 | 1.53272817e-04
 964   | 6.90382417e-06 | 1.52410539e-04
 965   | 6.88890840e-06 | 1.51559238e-04
 966   | 6.87416413e-06 | 1.50718689e-04
 967   | 6.85958795e-06 | 1.49888676e-04
 968   | 6.84517651e-06 | 1.49068984e-04
 969   | 6.83092653e-06 | 1.48259405e-04
 970   | 6.81683485e-06 | 1.47459733e-04
 971   | 6.80289837e-06 | 1.46669769e-04
 972   | 6.78911410e-06 | 1.45889316e-04
 973   | 6.77547910e-06 | 1.45118184e-04
 974   | 6.76199053e-06 | 1.44356184e-04
 975   | 6.74864563e-06 | 1.43603133e-04
 976   | 6.73544169e-06 | 1.42858852e-04
 977   | 6.72237608e-06 | 1.42123166e-04
 978   | 6.70944623e-06 | 1.41395904e-04
 979   | 6.69664967e-06 | 1.40676898e-04
 980   | 6.68398397e-06 | 1.39965984e-04
 981   | 6.67144675e-06 | 1.39263002e-04
 982   | 6.65903571e-06 | 1.38567796e-04
 983   | 6.64674863e-06 | 1.37880213e-04
 984   | 6.63458329e-06 | 1.37200104e-04
 985   | 6.62253758e-06 | 1.36527322e-04
 986   | 6.61060942e-06 | 1.35861726e-04
 987   | 6.59879679e-06 | 1.35203175e-04
 988   | 6.58709771e-06 | 1.34551535e-04
 989   | 6.57551026e-06 | 1.33906671e-04
 990   | 6.56403258e-06 | 1.33268455e-04
 991   | 6.55266282e-06 | 1.32636760e-04
 992   | 6.54139921e-06 | 1.32011461e-04
 993   | 6.53024002e-06 | 1.31392439e-04
 994   | 6.51918354e-06 | 1.30779574e-04
 995   | 6.50822813e-06 | 1.30172753e-04
 996   | 6.49737217e-06 | 1.29571862e-04
 997   | 6.48661408e-06 | 1.28976792e-04
 998   | 6.47595234e-06 | 1.28387436e-04
 999   | 6.46538543e-06 | 1.27803688e-04
Time to run code: 12367.2148 seconds
plot save_index 999
